TORQUE @ FRAME  0.008
0
0
0
0
0
0
0
0
0
TORQUE @ FRAME  0.016
0
0
0
-2
0
0
0
0
0
TORQUE @ FRAME  0.024
0
0
0
3
0
0
0
0
0
TORQUE @ FRAME  0.032
0
0
0
-2
0
0
0
0
0
TORQUE @ FRAME  0.04
0
0
0
0
0
0
0
0
0
TORQUE @ FRAME  0.048
0
0
0
0
0
0
0
0
0
TORQUE @ FRAME  0.056
0
0
0
2
0
4
0
0
0
TORQUE @ FRAME  0.064
0
0
0
-2
0
8
0
0
0
TORQUE @ FRAME  0.072
0
0
0
0
5
9
0
0
0
TORQUE @ FRAME  0.08
0
0
0
-7
6
12
0
0
0
TORQUE @ FRAME  0.088
0
0
0
-6
8
8
0
0
0
TORQUE @ FRAME  0.096
0
0
0
-11
11
10
0
0
1032
TORQUE @ FRAME  0.104
0
0
0
0
11
13
1032
8
1032
TORQUE @ FRAME  0.112
0
0
0
-11
12
17
1032
8
1032
TORQUE @ FRAME  0.12
0
0
0
-12
15
26
1032
8
1032
TORQUE @ FRAME  0.128
0
2
0
-13
16
27
1032
8
1032
TORQUE @ FRAME  0.136
0
9
0
-15
21
36
1032
8
1032
TORQUE @ FRAME  0.144
0
2
0
-15
24
44
1032
8
1032
TORQUE @ FRAME  0.152
0
9
0
-11
22
40
1032
8
1032
TORQUE @ FRAME  0.16
0
0
0
-12
32
52
1032
8
1040
TORQUE @ FRAME  0.168
0
5
0
-15
34
45
1032
16
1040
TORQUE @ FRAME  0.176
0
12
2
-15
34
42
1040
16
1040
TORQUE @ FRAME  0.184
0
22
0
-18
47
47
1040
16
1040
TORQUE @ FRAME  0.192
0
18
0
-20
50
47
1040
16
1040
TORQUE @ FRAME  0.2
0
2
0
-19
56
47
1040
8
1040
TORQUE @ FRAME  0.208
0
4
0
-21
60
46
1040
16
1048
TORQUE @ FRAME  0.216
0
3
0
-21
68
49
1040
24
1040
TORQUE @ FRAME  0.224
0
24
2
-29
75
55
1048
24
1048
TORQUE @ FRAME  0.232
0
21
2
-29
83
54
1048
16
1048
TORQUE @ FRAME  0.24
0
25
2
-28
86
60
1048
16
1048
TORQUE @ FRAME  0.248
0
27
2
-31
100
56
1048
16
1048
TORQUE @ FRAME  0.256
0
24
4
-33
107
60
1056
24
1048
TORQUE @ FRAME  0.264
0
22
5
-34
119
59
1048
24
1048
TORQUE @ FRAME  0.272
0
21
3
-37
119
64
1048
24
1056
TORQUE @ FRAME  0.28
0
26
2
-39
139
66
1048
24
1048
TORQUE @ FRAME  0.288
0
25
9
-42
138
66
1056
24
1048
TORQUE @ FRAME  0.296
0
23
9
-42
132
76
1048
24
1048
TORQUE @ FRAME  0.304
0
30
10
-46
135
76
1048
24
1048
TORQUE @ FRAME  0.312
0
33
7
-48
129
87
1048
24
1048
TORQUE @ FRAME  0.32
0
32
3
-49
123
89
1048
32
1048
TORQUE @ FRAME  0.328
0
35
7
-49
142
91
1048
24
1056
TORQUE @ FRAME  0.336
0
35
8
-45
156
97
1048
24
1048
TORQUE @ FRAME  0.344
0
34
9
-45
162
94
1056
24
1048
TORQUE @ FRAME  0.352
0
38
11
-47
150
104
1048
24
1056
TORQUE @ FRAME  0.36
0
39
11
-56
153
101
1048
24
1048
TORQUE @ FRAME  0.368
0
47
14
-53
159
103
1040
32
1056
TORQUE @ FRAME  0.376
0
44
15
-55
168
105
1056
24
1034
TORQUE @ FRAME  0.384
0
44
14
-55
173
102
1048
24
1048
TORQUE @ FRAME  0.392
0
46
18
-58
166
104
1034
24
1056
TORQUE @ FRAME  0.4
0
48
15
-58
164
110
1048
24
1056
TORQUE @ FRAME  0.408
0
50
18
-61
174
115
1048
32
1056
TORQUE @ FRAME  0.416
0
47
19
-62
182
121
1056
24
1048
TORQUE @ FRAME  0.424
0
46
21
-58
186
94
1048
24
1048
TORQUE @ FRAME  0.432
0
47
24
-56
187
117
1048
24
1056
TORQUE @ FRAME  0.44
0
47
24
-56
188
138
1048
24
1048
TORQUE @ FRAME  0.448
-6
50
20
-59
207
144
1048
10
1056
TORQUE @ FRAME  0.456
0
46
25
-65
208
161
1056
24
1048
TORQUE @ FRAME  0.464
-3
45
25
-65
216
155
1048
24
1056
TORQUE @ FRAME  0.472
-3
57
25
-59
206
169
1026
24
1056
TORQUE @ FRAME  0.48
0
60
25
-64
207
181
1048
24
1056
TORQUE @ FRAME  0.488
-9
61
30
-68
211
186
1048
10
1056
TORQUE @ FRAME  0.496
0
55
26
-62
210
193
1048
24
1056
TORQUE @ FRAME  0.504
0
51
30
-56
217
201
1048
32
1056
TORQUE @ FRAME  0.512
-4
51
32
-58
228
205
1056
24
1042
TORQUE @ FRAME  0.52
-7
54
30
-60
239
214
1048
32
1056
TORQUE @ FRAME  0.528
-7
52
32
-62
250
228
1056
24
1042
TORQUE @ FRAME  0.536
-7
48
34
-59
241
219
1048
32
1056
TORQUE @ FRAME  0.544
0
57
33
-60
238
219
1056
24
1056
TORQUE @ FRAME  0.552
-11
59
35
-60
241
242
1048
24
1064
TORQUE @ FRAME  0.56
-2
57
34
-61
245
237
1056
24
1056
TORQUE @ FRAME  0.568
-12
59
31
-51
250
245
1048
10
1042
TORQUE @ FRAME  0.576
-6
64
34
-59
278
255
1056
24
1056
TORQUE @ FRAME  0.584
-2
56
32
-60
293
279
1048
24
1064
TORQUE @ FRAME  0.592
-6
51
33
-58
300
263
1056
24
1064
TORQUE @ FRAME  0.6
-13
50
33
-57
286
261
1048
32
1056
TORQUE @ FRAME  0.608
-10
59
33
-59
285
268
1056
32
1064
TORQUE @ FRAME  0.616
-7
59
33
-62
281
268
1056
24
1056
TORQUE @ FRAME  0.624
-12
52
33
-56
284
261
1056
32
1064
TORQUE @ FRAME  0.632
0
61
33
-53
311
293
1048
24
1064
TORQUE @ FRAME  0.64
-2
61
36
-56
322
279
1056
32
1042
TORQUE @ FRAME  0.648
-9
61
34
-60
305
248
1056
32
1064
TORQUE @ FRAME  0.656
0
62
35
-59
291
261
1034
10
1064
TORQUE @ FRAME  0.664
0
66
36
-62
283
253
1056
10
1042
TORQUE @ FRAME  0.672
-11
56
38
-61
301
244
1048
24
1064
TORQUE @ FRAME  0.68
0
58
38
-55
315
242
1056
32
1064
TORQUE @ FRAME  0.688
0
58
36
-55
300
232
1056
32
1050
TORQUE @ FRAME  0.696
0
55
39
-57
307
231
1034
10
1042
TORQUE @ FRAME  0.704
0
59
39
-57
293
219
1042
10
1064
TORQUE @ FRAME  0.712
-9
61
40
-55
296
206
1056
10
1050
TORQUE @ FRAME  0.72
0
62
41
-59
321
186
1056
2
1042
TORQUE @ FRAME  0.728
0
66
40
-52
333
175
1056
24
1042
TORQUE @ FRAME  0.736
0
55
40
-51
314
174
1042
24
1064
TORQUE @ FRAME  0.744
-2
53
45
-55
308
168
1034
24
1050
TORQUE @ FRAME  0.752
-7
54
43
-58
298
172
1064
10
1050
TORQUE @ FRAME  0.76
-6
59
43
-59
321
161
1042
10
1042
TORQUE @ FRAME  0.768
-4
59
43
-61
326
134
1034
10
1050
TORQUE @ FRAME  0.776
0
62
44
-53
313
151
1056
24
1050
TORQUE @ FRAME  0.784
-13
60
43
-52
279
139
1064
24
1050
TORQUE @ FRAME  0.792
-12
69
44
-59
274
136
1034
10
1043
TORQUE @ FRAME  0.8
-6
63
45
-62
280
148
1056
32
1050
TORQUE @ FRAME  0.808
-2
68
48
-64
273
140
1064
24
1050
TORQUE @ FRAME  0.816
-2
62
46
-61
262
131
1064
24
1050
TORQUE @ FRAME  0.824
0
57
47
-52
265
145
1042
10
1072
TORQUE @ FRAME  0.832
0
58
48
-60
277
127
1056
10
1043
TORQUE @ FRAME  0.84
0
60
48
-62
288
137
1056
2
1072
TORQUE @ FRAME  0.848
-5
64
51
-64
280
126
1064
24
1058
TORQUE @ FRAME  0.856
-5
67
48
-60
273
126
1056
24
1050
TORQUE @ FRAME  0.864
-12
69
49
-53
256
114
1064
10
1072
TORQUE @ FRAME  0.872
-13
64
47
-59
272
114
1042
10
1050
TORQUE @ FRAME  0.88
-13
65
50
-62
258
107
1064
10
1043
TORQUE @ FRAME  0.888
-7
64
47
-64
258
104
1050
2
1043
TORQUE @ FRAME  0.896
-7
62
49
-60
237
112
1042
24
1058
TORQUE @ FRAME  0.904
-6
60
51
-55
244
109
1042
24
1058
TORQUE @ FRAME  0.912
-13
70
50
-63
235
122
1042
10
1058
TORQUE @ FRAME  0.92
-9
77
50
-65
233
124
1042
10
1058
TORQUE @ FRAME  0.928
-4
86
53
-65
220
127
1042
10
1058
TORQUE @ FRAME  0.936
-10
77
48
-61
228
125
1035
10
1058
TORQUE @ FRAME  0.944
-14
72
51
-61
220
121
1064
10
1058
TORQUE @ FRAME  0.952
-15
67
50
-64
216
124
1034
2
1058
TORQUE @ FRAME  0.96
-7
64
54
-72
202
115
1042
24
1058
TORQUE @ FRAME  0.968
-7
72
55
-63
214
111
1064
24
1080
TORQUE @ FRAME  0.976
-3
74
56
-64
206
116
1042
10
1080
TORQUE @ FRAME  0.984
-13
74
55
-67
211
120
1064
2
1051
TORQUE @ FRAME  0.992
-13
65
58
-68
200
113
1042
1029
1058
TORQUE @ FRAME  1
-14
66
55
-65
218
109
1035
2
1058
TORQUE @ FRAME  1.008
-9
66
57
-58
201
108
1035
1029
1080
TORQUE @ FRAME  1.016
0
70
60
-62
194
82
1042
10
1058
TORQUE @ FRAME  1.024
-9
81
60
-62
188
84
1035
1029
1080
TORQUE @ FRAME  1.032
-4
75
60
-60
202
87
1034
10
1080
TORQUE @ FRAME  1.04
-15
71
62
-52
227
82
1056
1029
1051
TORQUE @ FRAME  1.048
-15
68
61
-60
219
78
1042
10
1051
TORQUE @ FRAME  1.056
-10
71
62
-59
199
88
1056
10
1066
TORQUE @ FRAME  1.064
-12
73
66
-59
198
79
1064
1029
1051
TORQUE @ FRAME  1.072
-13
81
67
-52
195
79
1050
10
1058
TORQUE @ FRAME  1.08
-13
82
67
-58
190
74
1035
1029
1066
TORQUE @ FRAME  1.088
-15
78
69
-60
188
75
1050
2
1066
TORQUE @ FRAME  1.096
-12
72
70
-61
201
73
1064
1037
1051
TORQUE @ FRAME  1.104
-2
68
70
-51
206
75
1035
1030
1051
TORQUE @ FRAME  1.112
-11
70
71
-59
201
75
1035
1030
1080
TORQUE @ FRAME  1.12
-9
99
72
-57
195
77
1035
24
1066
TORQUE @ FRAME  1.128
-6
82
71
-59
208
76
1042
10
1066
TORQUE @ FRAME  1.136
-15
73
69
-49
214
76
1056
1029
1066
TORQUE @ FRAME  1.144
-9
73
71
-54
208
88
1056
2
1066
TORQUE @ FRAME  1.152
-14
72
70
-54
207
80
1042
1029
1066
TORQUE @ FRAME  1.16
-7
71
73
-54
218
82
1042
2
1066
TORQUE @ FRAME  1.168
-14
82
71
-50
219
76
1042
1029
1058
TORQUE @ FRAME  1.176
-2
82
67
-51
214
77
1042
1029
1051
TORQUE @ FRAME  1.184
0
73
70
-52
207
85
1042
2
1080
TORQUE @ FRAME  1.192
-11
68
68
-53
218
82
1042
2
1066
TORQUE @ FRAME  1.2
-6
75
70
-47
213
75
1064
10
1066
TORQUE @ FRAME  1.208
-11
71
71
-49
212
82
1042
2
1066
TORQUE @ FRAME  1.216
-11
79
71
-53
209
86
1050
1029
1051
TORQUE @ FRAME  1.224
-11
82
70
-51
207
91
1042
2
1074
TORQUE @ FRAME  1.232
-3
90
70
-43
206
98
1042
2
1074
TORQUE @ FRAME  1.24
-2
81
68
-48
204
117
1056
2
1074
TORQUE @ FRAME  1.248
-15
72
75
-49
218
99
1042
2
1074
TORQUE @ FRAME  1.256
-11
78
72
-51
219
111
1056
2
1059
TORQUE @ FRAME  1.264
-14
80
73
-45
223
108
1064
2
1059
TORQUE @ FRAME  1.272
-3
88
74
-51
210
119
1064
1029
1059
TORQUE @ FRAME  1.28
-13
88
73
-49
218
136
1050
2
1059
TORQUE @ FRAME  1.288
-15
83
73
-53
205
151
1035
1030
1066
TORQUE @ FRAME  1.296
-6
77
75
-45
199
164
1050
16
1074
TORQUE @ FRAME  1.304
0
68
77
-50
211
176
1050
16
1074
TORQUE @ FRAME  1.312
-7
75
77
-51
225
190
1035
2
1074
TORQUE @ FRAME  1.32
-6
77
78
-54
225
197
1050
2
1074
TORQUE @ FRAME  1.328
-13
81
79
-46
214
209
1043
2
1074
TORQUE @ FRAME  1.336
-3
72
78
-52
208
215
1043
2
1074
TORQUE @ FRAME  1.344
-2
78
75
-53
212
216
4
2
1074
TORQUE @ FRAME  1.352
0
76
73
-53
218
230
1042
2
1074
TORQUE @ FRAME  1.36
-2
83
73
-49
209
229
1042
2
1096
TORQUE @ FRAME  1.368
-15
86
72
-55
219
219
1042
2
1082
TORQUE @ FRAME  1.376
-14
88
67
-53
202
213
1035
2
1060
TORQUE @ FRAME  1.384
-9
82
72
-56
194
199
1064
2
1067
TORQUE @ FRAME  1.392
-14
73
68
-49
195
196
1064
1037
1074
TORQUE @ FRAME  1.4
-13
69
68
-66
199
189
1050
2
1074
TORQUE @ FRAME  1.408
-13
83
70
-53
201
188
1042
1037
1096
TORQUE @ FRAME  1.416
-14
82
70
-55
203
177
1050
2
1074
TORQUE @ FRAME  1.424
-16
75
70
-44
188
182
1035
2
1067
TORQUE @ FRAME  1.432
-2
67
70
-53
203
182
1050
2
1067
TORQUE @ FRAME  1.44
-15
70
70
-57
195
167
1050
2
1067
TORQUE @ FRAME  1.448
-7
76
70
-55
194
162
1027
2
1067
TORQUE @ FRAME  1.456
-7
76
70
-51
196
175
1042
2
1074
TORQUE @ FRAME  1.464
-5
81
70
-44
203
163
1064
2
1074
TORQUE @ FRAME  1.472
-7
84
70
-55
192
155
1042
2
1067
TORQUE @ FRAME  1.48
-10
78
70
-55
200
144
1035
1030
1074
TORQUE @ FRAME  1.488
-15
73
72
-49
204
134
1035
1030
1096
TORQUE @ FRAME  1.496
-9
73
71
-53
211
124
1050
16
1096
TORQUE @ FRAME  1.504
-5
78
72
-59
204
130
1050
1030
1096
TORQUE @ FRAME  1.512
-10
87
73
-52
209
118
1050
1030
1075
TORQUE @ FRAME  1.52
0
89
72
-53
227
118
1050
1037
1082
TORQUE @ FRAME  1.528
-14
83
76
-51
215
109
1035
16
1090
TORQUE @ FRAME  1.536
-12
71
80
-57
223
110
1050
2
1082
TORQUE @ FRAME  1.544
-3
69
78
-52
214
96
1050
1030
1075
TORQUE @ FRAME  1.552
-15
71
78
-51
225
114
1042
1037
1075
TORQUE @ FRAME  1.56
0
81
78
-56
222
113
1042
16
1082
TORQUE @ FRAME  1.568
-14
82
80
-61
220
112
1064
16
1082
TORQUE @ FRAME  1.576
-6
81
81
-57
217
114
1064
1037
1082
TORQUE @ FRAME  1.584
-12
75
78
-58
219
105
1035
1037
1082
TORQUE @ FRAME  1.592
-14
73
78
-60
211
101
1035
1030
1082
TORQUE @ FRAME  1.6
-14
77
77
-64
219
106
1050
16
1075
TORQUE @ FRAME  1.608
-15
82
77
-59
221
84
1035
2
1082
TORQUE @ FRAME  1.616
-13
81
74
-57
207
94
1050
1037
1082
TORQUE @ FRAME  1.624
-14
75
70
-57
201
93
1035
2
1104
TORQUE @ FRAME  1.632
-2
69
73
-65
216
111
1035
2
1082
TORQUE @ FRAME  1.64
-14
72
71
-52
222
103
1035
2
1104
TORQUE @ FRAME  1.648
-15
79
68
-55
221
98
1050
16
1090
TORQUE @ FRAME  1.656
-12
83
70
-53
222
89
1056
2
1083
TORQUE @ FRAME  1.664
-16
80
73
-56
229
103
1042
1037
1068
TORQUE @ FRAME  1.672
-14
76
72
-49
211
92
1042
1037
1083
TORQUE @ FRAME  1.68
-14
74
70
-47
200
100
1064
1030
1082
TORQUE @ FRAME  1.688
-10
74
69
-54
205
101
1050
1030
1090
TORQUE @ FRAME  1.696
-12
74
71
-58
210
105
1035
8
1075
TORQUE @ FRAME  1.704
-15
81
70
-49
207
106
1035
1030
1090
TORQUE @ FRAME  1.712
-10
82
72
-46
207
114
1050
8
1104
TORQUE @ FRAME  1.72
-10
73
72
-53
223
102
1064
16
1090
TORQUE @ FRAME  1.728
-15
68
73
-58
221
90
1035
1030
1090
TORQUE @ FRAME  1.736
-14
63
73
-47
208
97
1064
1030
1090
TORQUE @ FRAME  1.744
-7
68
75
-47
197
95
1050
1030
1090
TORQUE @ FRAME  1.752
-7
81
73
-54
206
106
1035
1030
1090
TORQUE @ FRAME  1.76
-13
81
75
-58
200
108
1042
1030
1090
TORQUE @ FRAME  1.768
-9
74
76
-47
189
111
1056
1030
1090
TORQUE @ FRAME  1.776
-12
73
78
-48
210
100
1042
1030
1075
TORQUE @ FRAME  1.784
-15
73
78
-48
199
113
1064
1037
1090
TORQUE @ FRAME  1.792
-11
79
78
-51
199
112
1035
1030
1090
TORQUE @ FRAME  1.8
-15
80
78
-46
181
110
1050
1030
1083
TORQUE @ FRAME  1.808
-10
87
79
-43
194
105
1035
1030
1083
TORQUE @ FRAME  1.816
-6
93
80
-49
197
106
1035
1030
1090
TORQUE @ FRAME  1.824
-3
96
83
-52
174
106
1035
1030
1090
TORQUE @ FRAME  1.832
-3
83
83
-45
177
110
1042
1030
1090
TORQUE @ FRAME  1.84
-14
73
84
-44
168
112
1035
1030
1090
TORQUE @ FRAME  1.848
-15
74
85
-48
156
110
1042
1030
1090
TORQUE @ FRAME  1.856
-10
81
86
-48
161
113
1050
1030
1090
TORQUE @ FRAME  1.864
-16
79
87
-45
162
109
1042
1030
1090
TORQUE @ FRAME  1.872
-14
77
87
-44
155
123
1042
1038
1090
TORQUE @ FRAME  1.88
-12
73
87
-48
138
127
1064
1038
1090
TORQUE @ FRAME  1.888
-8
73
87
-47
146
130
1042
1038
1090
TORQUE @ FRAME  1.896
-15
85
87
-43
153
126
1050
8
1104
TORQUE @ FRAME  1.904
-6
78
80
-45
159
130
1035
1045
1090
TORQUE @ FRAME  1.912
-16
91
78
-49
144
133
1064
1030
1104
TORQUE @ FRAME  1.92
-14
86
82
-51
156
150
1035
1030
1112
TORQUE @ FRAME  1.928
-14
76
80
-45
162
169
1050
1030
1098
TORQUE @ FRAME  1.936
-15
70
81
-47
181
193
1064
1030
1098
TORQUE @ FRAME  1.944
-15
75
81
-50
180
205
1050
1030
1091
TORQUE @ FRAME  1.952
-15
86
78
-51
180
218
1050
1030
1091
TORQUE @ FRAME  1.96
-10
81
82
-49
195
223
1050
1030
1098
TORQUE @ FRAME  1.968
-3
78
79
-44
200
198
1027
1037
1098
TORQUE @ FRAME  1.976
-8
78
83
-50
206
207
1042
1037
1098
TORQUE @ FRAME  1.984
-16
75
82
-51
219
215
1042
1030
1098
TORQUE @ FRAME  1.992
-15
78
83
-49
242
217
1064
1030
1098
TORQUE @ FRAME  2
-16
82
85
-49
261
237
1050
1030
1098
TORQUE @ FRAME  2.008
-8
82
85
-50
262
244
1050
1030
1098
TORQUE @ FRAME  2.016
-15
76
85
-51
253
231
1050
1030
1098
TORQUE @ FRAME  2.024
-13
73
83
-49
255
207
1035
1030
1098
TORQUE @ FRAME  2.032
-12
73
85
-48
274
194
1050
1030
1098
TORQUE @ FRAME  2.04
-16
75
82
-52
261
177
1050
1030
1098
TORQUE @ FRAME  2.048
-16
80
86
-48
258
158
1050
1053
1098
TORQUE @ FRAME  2.056
-15
86
85
-48
268
156
1050
1038
1098
TORQUE @ FRAME  2.064
-3
75
88
-46
264
142
1042
1038
1083
TORQUE @ FRAME  2.072
-15
80
89
-53
258
150
1042
1038
1083
TORQUE @ FRAME  2.08
-15
74
91
-52
269
140
1064
1038
1098
TORQUE @ FRAME  2.088
-15
81
92
-51
285
140
1042
1038
1098
TORQUE @ FRAME  2.096
-11
81
92
-46
283
140
1035
1038
1098
TORQUE @ FRAME  2.104
-16
87
92
-51
276
133
1050
1038
1098
TORQUE @ FRAME  2.112
-16
90
93
-54
294
135
1042
1038
1098
TORQUE @ FRAME  2.12
-15
90
96
-48
312
143
1064
1046
1098
TORQUE @ FRAME  2.128
-15
80
95
-45
312
137
1042
1046
1098
TORQUE @ FRAME  2.136
-15
80
97
-47
319
144
1050
1046
1098
TORQUE @ FRAME  2.144
-15
80
98
-51
311
127
1050
1046
1098
TORQUE @ FRAME  2.152
-15
80
102
-51
332
132
1035
1046
1098
TORQUE @ FRAME  2.16
-16
91
93
-45
311
135
1042
1046
1098
TORQUE @ FRAME  2.168
-16
88
89
-48
300
139
1042
1054
1090
TORQUE @ FRAME  2.176
-14
80
83
-53
294
121
1064
1032
1090
TORQUE @ FRAME  2.184
-16
76
82
-55
283
115
1064
1032
1112
TORQUE @ FRAME  2.192
-6
76
80
-47
280
128
1042
1046
1112
TORQUE @ FRAME  2.2
-16
77
83
-48
295
122
1064
1046
1112
TORQUE @ FRAME  2.208
-16
86
80
-55
317
96
1064
1054
1098
TORQUE @ FRAME  2.216
-16
86
81
-56
308
96
1035
1054
1098
TORQUE @ FRAME  2.224
-16
84
81
-60
294
110
1042
1046
1090
TORQUE @ FRAME  2.232
-16
80
81
-51
263
108
1042
1046
1112
TORQUE @ FRAME  2.24
-15
77
77
-55
273
110
1064
1054
1120
TORQUE @ FRAME  2.248
-14
82
80
-54
253
113
1056
1032
1098
TORQUE @ FRAME  2.256
-18
84
81
-58
245
112
1042
1032
1091
TORQUE @ FRAME  2.264
-16
86
77
-55
242
105
1064
1046
1112
TORQUE @ FRAME  2.272
-16
91
79
-50
258
104
1050
1054
1112
TORQUE @ FRAME  2.28
-17
97
77
-49
248
103
1042
1032
1112
TORQUE @ FRAME  2.288
-17
96
78
-49
252
94
1042
1032
1106
TORQUE @ FRAME  2.296
-16
94
79
-52
227
97
1064
1054
1120
TORQUE @ FRAME  2.304
-10
81
78
-50
226
88
1056
1032
1083
TORQUE @ FRAME  2.312
-17
79
77
-45
234
90
1042
1032
1098
TORQUE @ FRAME  2.32
-15
80
78
-47
222
84
1056
1054
1120
TORQUE @ FRAME  2.328
-17
80
81
-46
230
79
1056
1032
1112
TORQUE @ FRAME  2.336
-17
86
81
-47
207
82
1064
1046
1098
TORQUE @ FRAME  2.344
-17
91
82
-37
214
77
1042
1054
1120
TORQUE @ FRAME  2.352
-17
83
82
-42
216
76
1064
1032
1098
TORQUE @ FRAME  2.36
-16
76
84
-40
206
75
1064
1032
1112
TORQUE @ FRAME  2.368
-13
72
82
-47
204
76
1042
1054
1112
TORQUE @ FRAME  2.376
-12
75
82
-47
184
69
1042
1054
1120
TORQUE @ FRAME  2.384
-3
78
84
-46
190
73
1056
1040
1112
TORQUE @ FRAME  2.392
-16
78
86
-48
182
78
1056
1054
1098
TORQUE @ FRAME  2.4
-3
78
86
-45
179
69
1056
1032
1120
TORQUE @ FRAME  2.408
-15
77
88
-41
181
72
1042
1054
1112
TORQUE @ FRAME  2.416
-15
88
89
-43
176
73
1064
1054
1120
TORQUE @ FRAME  2.424
-9
90
87
-42
167
66
1056
1040
1112
TORQUE @ FRAME  2.432
-16
90
90
-45
174
68
1042
1032
1120
TORQUE @ FRAME  2.44
0
97
91
-48
182
68
1056
1040
1120
TORQUE @ FRAME  2.448
-12
98
91
-43
191
65
1064
1032
1112
TORQUE @ FRAME  2.456
-3
99
90
-39
194
65
1056
1040
1098
TORQUE @ FRAME  2.464
-6
92
91
-39
187
66
1042
1054
1112
TORQUE @ FRAME  2.472
-2
87
92
-46
188
59
1034
1040
1112
TORQUE @ FRAME  2.48
-5
86
93
-41
172
68
1056
1054
1120
TORQUE @ FRAME  2.488
-6
87
93
-45
186
71
1056
1040
1112
TORQUE @ FRAME  2.496
-16
88
91
-47
183
77
1056
1032
1098
TORQUE @ FRAME  2.504
-3
96
93
-43
191
80
1056
1040
1090
TORQUE @ FRAME  2.512
-6
93
92
-39
190
75
1056
1032
1112
TORQUE @ FRAME  2.52
-6
92
85
-38
189
74
1056
1040
1112
TORQUE @ FRAME  2.528
-3
85
84
-42
187
91
1056
1040
1112
TORQUE @ FRAME  2.536
-15
75
81
-41
176
79
1056
1040
1090
TORQUE @ FRAME  2.544
-6
78
80
-42
194
80
1056
1040
1112
TORQUE @ FRAME  2.552
-6
78
80
-44
202
78
1056
1040
1112
TORQUE @ FRAME  2.56
-5
84
79
-43
200
71
1056
1040
1112
TORQUE @ FRAME  2.568
-6
84
78
-39
205
72
1042
1040
1112
TORQUE @ FRAME  2.576
-16
89
75
-34
200
69
1056
1032
1112
TORQUE @ FRAME  2.584
-14
85
74
-38
210
80
1056
1040
1112
TORQUE @ FRAME  2.592
0
86
75
-42
196
69
1056
1048
1098
TORQUE @ FRAME  2.6
-14
91
74
-38
191
68
1056
1040
1112
TORQUE @ FRAME  2.608
-16
91
74
-41
209
70
1042
1040
1112
TORQUE @ FRAME  2.616
-5
94
75
-42
222
65
1056
1040
1120
TORQUE @ FRAME  2.624
-14
97
74
-40
230
65
1034
1040
1112
TORQUE @ FRAME  2.632
-17
96
73
-38
224
63
1056
1062
1120
TORQUE @ FRAME  2.64
-15
90
74
-36
227
62
1056
1032
1112
TORQUE @ FRAME  2.648
-6
84
75
-33
227
66
1056
1040
1090
TORQUE @ FRAME  2.656
-10
83
75
-36
218
64
1048
1040
1112
TORQUE @ FRAME  2.664
-10
87
74
-39
200
60
1056
1040
1112
TORQUE @ FRAME  2.672
-17
87
75
-39
205
62
1048
1040
1112
TORQUE @ FRAME  2.68
-13
85
75
-37
209
62
1056
1048
1112
TORQUE @ FRAME  2.688
-17
86
74
-37
207
66
1056
1040
1112
TORQUE @ FRAME  2.696
-16
90
75
-39
210
58
1056
1040
1112
TORQUE @ FRAME  2.704
-16
90
74
-43
209
49
1048
1040
1112
TORQUE @ FRAME  2.712
-8
88
75
-35
221
59
1056
1040
1104
TORQUE @ FRAME  2.72
-16
93
75
-35
214
52
1056
1040
1112
TORQUE @ FRAME  2.728
-13
88
74
-32
212
64
1048
1040
1104
TORQUE @ FRAME  2.736
-15
89
78
-32
204
66
1056
1040
1104
TORQUE @ FRAME  2.744
-16
89
75
-36
191
59
1056
1040
1112
TORQUE @ FRAME  2.752
-11
87
78
-36
197
60
1056
1040
1120
TORQUE @ FRAME  2.76
-16
85
79
-41
203
64
1056
1040
1104
TORQUE @ FRAME  2.768
-16
84
80
-37
205
60
1056
1048
1104
TORQUE @ FRAME  2.776
-15
84
79
-34
202
68
1056
1048
1104
TORQUE @ FRAME  2.784
-15
83
80
-37
201
74
1056
1032
1112
TORQUE @ FRAME  2.792
-15
79
79
-39
212
68
1048
1040
1112
TORQUE @ FRAME  2.8
-15
87
80
-36
214
67
1048
1040
1112
TORQUE @ FRAME  2.808
-17
83
82
-40
223
74
1048
1048
1104
TORQUE @ FRAME  2.816
-6
87
82
-39
221
74
1056
1048
1112
TORQUE @ FRAME  2.824
-17
87
80
-37
225
77
1056
1032
1112
TORQUE @ FRAME  2.832
-14
81
80
-34
222
75
1048
1040
1104
TORQUE @ FRAME  2.84
-13
82
80
-30
215
81
1056
1040
1104
TORQUE @ FRAME  2.848
-16
84
83
-33
195
81
1056
1048
1104
TORQUE @ FRAME  2.856
-16
78
83
-31
198
82
1048
1048
1104
TORQUE @ FRAME  2.864
-10
84
82
-30
200
77
1056
1048
1112
TORQUE @ FRAME  2.872
-17
79
81
-31
200
75
1056
1040
1104
TORQUE @ FRAME  2.88
-17
84
82
-39
209
81
1048
1040
1104
TORQUE @ FRAME  2.888
-6
84
85
-39
207
77
1056
1040
1104
TORQUE @ FRAME  2.896
-6
82
82
-36
214
76
1048
1040
1104
TORQUE @ FRAME  2.904
-17
84
81
-34
212
82
1048
1040
1104
TORQUE @ FRAME  2.912
-15
87
83
-34
215
81
1048
1048
1104
TORQUE @ FRAME  2.92
-17
85
84
-34
215
86
1048
1040
1104
TORQUE @ FRAME  2.928
-6
94
85
-35
209
86
1048
1048
1112
TORQUE @ FRAME  2.936
-7
87
84
-32
208
86
1056
1048
1112
TORQUE @ FRAME  2.944
-16
90
85
-33
208
83
1056
1040
1112
TORQUE @ FRAME  2.952
-17
92
85
-35
207
82
1056
1040
1104
TORQUE @ FRAME  2.96
-3
90
86
-36
208
81
1048
1040
1104
TORQUE @ FRAME  2.968
-6
91
87
-40
215
82
1048
1062
1112
TORQUE @ FRAME  2.976
-11
87
86
-39
218
83
1048
1040
1104
TORQUE @ FRAME  2.984
-10
88
85
-38
219
85
1056
1048
1104
TORQUE @ FRAME  2.992
-14
85
86
-37
222
89
1048
1040
1104
TORQUE @ FRAME  3
-14
87
86
-36
227
91
1048
1048
1104
TORQUE @ FRAME  0
-5
71
86
-35
221
88
24
16
80
TORQUE @ FRAME  0.008
-12
69
89
-30
211
81
8
8
8
TORQUE @ FRAME  0.016
-12
67
89
-29
207
75
8
16
45
TORQUE @ FRAME  0.024
-6
67
86
-26
200
70
8
16
24
TORQUE @ FRAME  0.032
-15
67
86
-26
196
66
8
16
24
TORQUE @ FRAME  0.04
-12
60
86
-24
190
62
8
8
24
TORQUE @ FRAME  0.048
-12
69
86
-24
184
58
8
16
24
TORQUE @ FRAME  0.056
0
66
86
-20
182
55
8
16
24
TORQUE @ FRAME  0.064
-15
60
86
-19
174
51
8
16
24
TORQUE @ FRAME  0.072
-2
59
86
-19
170
47
8
16
24
TORQUE @ FRAME  0.08
-6
66
83
-15
166
45
8
16
24
TORQUE @ FRAME  0.088
0
62
86
-13
160
41
8
16
24
TORQUE @ FRAME  0.096
-6
61
82
-13
154
40
16
16
16
TORQUE @ FRAME  0.104
-2
59
85
-18
150
37
16
24
16
TORQUE @ FRAME  0.112
-5
63
84
-16
144
33
16
24
16
TORQUE @ FRAME  0.12
-13
58
80
-13
139
30
16
16
16
TORQUE @ FRAME  0.128
-15
58
82
-12
134
30
16
16
16
TORQUE @ FRAME  0.136
-8
59
80
-13
129
29
16
16
16
TORQUE @ FRAME  0.144
-2
60
81
-13
124
26
16
16
16
TORQUE @ FRAME  0.152
-8
58
81
-5
119
25
8
24
16
TORQUE @ FRAME  0.16
-9
57
80
-5
115
24
16
24
16
TORQUE @ FRAME  0.168
-3
58
80
-8
109
21
16
32
16
TORQUE @ FRAME  0.176
0
57
80
-11
104
21
16
24
16
TORQUE @ FRAME  0.184
-12
57
78
-12
100
20
16
24
16
TORQUE @ FRAME  0.192
-12
54
77
-10
96
17
16
24
16
TORQUE @ FRAME  0.2
0
56
79
-9
92
17
16
24
16
TORQUE @ FRAME  0.208
-13
54
77
-6
89
14
24
24
8
TORQUE @ FRAME  0.216
0
50
76
-7
87
13
16
32
16
TORQUE @ FRAME  0.224
-12
57
75
-7
84
13
16
24
16
TORQUE @ FRAME  0.232
-6
57
78
-3
80
12
16
32
16
TORQUE @ FRAME  0.24
-9
57
75
-3
80
10
16
24
16
TORQUE @ FRAME  0.248
-14
56
75
-10
76
10
16
24
8
TORQUE @ FRAME  0.256
-14
57
75
-2
73
12
16
32
16
TORQUE @ FRAME  0.264
-5
57
75
-9
72
9
16
32
16
TORQUE @ FRAME  0.272
-5
50
74
-7
71
9
24
32
8
TORQUE @ FRAME  0.28
-15
56
71
-3
68
9
16
24
16
TORQUE @ FRAME  0.288
-15
57
74
-3
65
9
16
32
16
TORQUE @ FRAME  0.296
0
55
74
-10
63
6
24
32
16
TORQUE @ FRAME  0.304
-8
56
72
-10
63
9
16
32
8
TORQUE @ FRAME  0.312
-5
50
75
-3
62
8
16
40
16
TORQUE @ FRAME  0.32
-2
56
70
-3
60
9
16
32
16
TORQUE @ FRAME  0.328
-8
49
70
-4
58
7
16
32
8
TORQUE @ FRAME  0.336
-14
50
70
-11
58
3
16
32
16
TORQUE @ FRAME  0.344
0
55
70
-9
55
2
24
32
16
TORQUE @ FRAME  0.352
-9
54
73
-8
53
7
16
32
16
TORQUE @ FRAME  0.36
-6
57
69
-11
52
6
16
40
16
TORQUE @ FRAME  0.368
-14
56
72
-10
53
4
16
10
16
TORQUE @ FRAME  0.376
0
55
69
-9
50
5
16
24
8
TORQUE @ FRAME  0.384
-12
53
70
-6
49
4
16
32
16
TORQUE @ FRAME  0.392
-6
51
69
-11
49
8
24
32
8
TORQUE @ FRAME  0.4
-7
50
69
-4
47
5
16
32
16
TORQUE @ FRAME  0.408
-9
55
69
-11
47
2
24
32
16
TORQUE @ FRAME  0.416
0
48
68
-5
45
5
16
32
8
TORQUE @ FRAME  0.424
-8
53
68
-7
45
8
16
32
16
TORQUE @ FRAME  0.432
0
55
69
-7
47
2
16
32
8
TORQUE @ FRAME  0.44
-9
53
68
-5
44
5
16
32
16
TORQUE @ FRAME  0.448
-2
51
65
-3
45
3
16
32
8
TORQUE @ FRAME  0.456
-6
51
67
-11
42
6
16
10
16
TORQUE @ FRAME  0.464
-6
50
68
-7
44
0
24
32
8
TORQUE @ FRAME  0.472
0
44
67
-10
43
0
16
24
30
TORQUE @ FRAME  0.48
-8
52
64
-3
44
3
24
32
16
TORQUE @ FRAME  0.488
-14
54
64
-10
43
3
16
32
8
TORQUE @ FRAME  0.496
-6
48
64
-10
43
4
24
24
16
TORQUE @ FRAME  0.504
-14
46
66
-6
42
2
16
32
8
TORQUE @ FRAME  0.512
0
46
64
-10
42
5
2
24
8
TORQUE @ FRAME  0.52
-5
49
63
-3
41
2
16
32
16
TORQUE @ FRAME  0.528
0
46
66
-11
42
7
16
24
8
TORQUE @ FRAME  0.536
0
43
62
-7
42
5
24
32
16
TORQUE @ FRAME  0.544
0
44
63
-9
42
3
16
24
8
TORQUE @ FRAME  0.552
-12
55
63
-10
41
0
16
32
16
TORQUE @ FRAME  0.56
-2
55
63
-5
42
0
16
24
8
TORQUE @ FRAME  0.568
-15
46
62
-7
42
0
16
32
16
TORQUE @ FRAME  0.576
-9
45
61
-3
43
0
24
32
8
TORQUE @ FRAME  0.584
-5
46
63
-4
41
0
16
24
8
TORQUE @ FRAME  0.592
-5
51
63
-10
43
0
24
32
16
TORQUE @ FRAME  0.6
-6
47
63
-11
41
0
16
24
8
TORQUE @ FRAME  0.608
-14
47
59
-3
42
6
24
32
16
TORQUE @ FRAME  0.616
0
50
63
-4
42
4
24
24
8
TORQUE @ FRAME  0.624
0
52
63
-8
42
4
16
32
8
TORQUE @ FRAME  0.632
0
50
59
-5
42
0
16
32
16
TORQUE @ FRAME  0.64
-14
49
63
-4
42
5
24
24
8
TORQUE @ FRAME  0.648
-15
52
61
-3
43
6
16
32
8
TORQUE @ FRAME  0.656
-12
53
61
-10
43
0
24
24
30
TORQUE @ FRAME  0.664
-14
52
62
-8
40
6
24
32
8
TORQUE @ FRAME  0.672
-6
46
61
-3
41
5
16
32
22
TORQUE @ FRAME  0.68
-15
51
62
-11
42
8
2
10
8
TORQUE @ FRAME  0.688
-8
51
58
-10
42
0
24
10
8
TORQUE @ FRAME  0.696
-5
55
63
-11
43
2
24
32
8
TORQUE @ FRAME  0.704
-10
55
60
-8
43
0
16
24
30
TORQUE @ FRAME  0.712
-6
45
60
-11
42
9
24
24
8
TORQUE @ FRAME  0.72
-2
51
60
-3
41
8
24
32
8
TORQUE @ FRAME  0.728
-8
45
62
-11
41
7
24
24
8
TORQUE @ FRAME  0.736
-5
55
58
-8
41
4
16
24
8
TORQUE @ FRAME  0.744
0
54
58
-3
42
8
24
32
8
TORQUE @ FRAME  0.752
-9
44
60
-8
41
4
24
10
8
TORQUE @ FRAME  0.76
0
51
60
-11
42
8
24
24
22
TORQUE @ FRAME  0.768
0
54
62
-10
43
4
24
24
0
TORQUE @ FRAME  0.776
-15
55
58
-11
43
4
16
10
30
TORQUE @ FRAME  0.784
-12
50
61
-11
43
7
16
24
8
TORQUE @ FRAME  0.792
-10
55
58
-6
41
8
24
24
0
TORQUE @ FRAME  0.8
-6
50
61
-11
42
7
2
10
8
TORQUE @ FRAME  0.808
-5
47
62
-6
42
7
24
10
22
TORQUE @ FRAME  0.816
0
50
58
-10
42
8
24
32
8
TORQUE @ FRAME  0.824
-2
54
62
-11
43
9
16
24
8
TORQUE @ FRAME  0.832
-12
44
60
-11
42
9
16
24
0
TORQUE @ FRAME  0.84
-8
45
58
-4
43
10
24
10
22
TORQUE @ FRAME  0.848
-5
47
60
-4
43
10
24
10
0
TORQUE @ FRAME  0.856
0
52
62
-12
43
12
24
10
0
TORQUE @ FRAME  0.864
-8
55
62
-12
45
10
24
24
0
TORQUE @ FRAME  0.872
0
43
61
-12
45
15
24
10
0
TORQUE @ FRAME  0.88
0
47
59
-8
45
10
10
10
22
TORQUE @ FRAME  0.888
-15
50
60
-12
46
13
24
32
22
TORQUE @ FRAME  0.896
-6
44
58
-11
46
14
24
10
22
TORQUE @ FRAME  0.904
-6
48
58
-12
47
12
2
10
0
TORQUE @ FRAME  0.912
-6
47
58
-12
46
16
2
10
0
TORQUE @ FRAME  0.92
-15
47
61
-11
48
14
16
24
22
TORQUE @ FRAME  0.928
-10
45
59
-12
48
16
16
24
0
TORQUE @ FRAME  0.936
-14
54
59
-12
48
16
24
10
0
TORQUE @ FRAME  0.944
0
50
60
-8
48
18
24
10
14
TORQUE @ FRAME  0.952
0
45
58
-12
51
19
24
10
14
TORQUE @ FRAME  0.96
-6
47
58
-11
50
20
2
32
0
TORQUE @ FRAME  0.968
-2
45
58
-12
51
20
24
10
14
TORQUE @ FRAME  0.976
-15
53
58
-12
52
20
2
10
14
TORQUE @ FRAME  0.984
-2
54
59
-12
52
23
10
10
14
TORQUE @ FRAME  0.992
-12
44
60
-12
52
21
10
10
14
TORQUE @ FRAME  1
0
51
58
-12
55
23
5
10
14
TORQUE @ FRAME  1.008
-12
47
59
-11
54
23
24
10
14
TORQUE @ FRAME  1.016
-2
44
62
-12
55
23
24
10
8
TORQUE @ FRAME  1.024
0
44
61
-14
58
23
24
10
8
TORQUE @ FRAME  1.032
0
44
60
-12
59
24
24
10
14
TORQUE @ FRAME  1.04
-8
44
59
-13
59
24
24
24
14
TORQUE @ FRAME  1.048
0
53
60
-15
59
25
24
24
8
TORQUE @ FRAME  1.056
-5
55
58
-14
59
26
24
24
8
TORQUE @ FRAME  1.064
-14
46
58
-13
62
27
24
24
0
TORQUE @ FRAME  1.072
-10
50
59
-17
62
27
24
10
14
TORQUE @ FRAME  1.08
-5
44
59
-12
63
27
2
10
0
TORQUE @ FRAME  1.088
-12
49
58
-12
64
28
24
10
14
TORQUE @ FRAME  1.096
0
53
59
-13
65
27
24
10
14
TORQUE @ FRAME  1.104
-8
50
60
-17
66
29
32
10
14
TORQUE @ FRAME  1.112
-2
52
58
-14
66
29
10
10
6
TORQUE @ FRAME  1.12
-4
55
59
-16
67
30
10
10
6
TORQUE @ FRAME  1.128
-2
47
59
-15
69
31
24
10
8
TORQUE @ FRAME  1.136
-9
54
59
-14
68
31
2
10
8
TORQUE @ FRAME  1.144
-9
46
58
-18
69
31
24
10
6
TORQUE @ FRAME  1.152
-14
44
59
-18
70
31
24
24
8
TORQUE @ FRAME  1.16
-4
52
61
-14
72
31
24
24
6
TORQUE @ FRAME  1.168
-4
44
59
-14
72
32
10
10
8
TORQUE @ FRAME  1.176
-9
52
60
-14
73
32
2
10
6
TORQUE @ FRAME  1.184
-12
50
60
-13
75
34
10
24
8
TORQUE @ FRAME  1.192
0
49
59
-16
74
33
24
10
21
TORQUE @ FRAME  1.2
0
54
58
-17
76
33
2
10
8
TORQUE @ FRAME  1.208
-10
52
61
-17
77
34
24
10
8
TORQUE @ FRAME  1.216
-12
47
61
-16
78
33
24
10
8
TORQUE @ FRAME  1.224
-8
54
58
-13
79
34
32
10
6
TORQUE @ FRAME  1.232
0
55
60
-15
79
35
10
24
8
TORQUE @ FRAME  1.24
-6
50
58
-16
81
36
10
10
6
TORQUE @ FRAME  1.248
-14
44
59
-18
83
37
24
10
8
TORQUE @ FRAME  1.256
-9
54
59
-14
84
36
24
10
6
TORQUE @ FRAME  1.264
0
54
58
-15
85
36
24
24
8
TORQUE @ FRAME  1.272
0
54
61
-14
86
37
2
10
8
TORQUE @ FRAME  1.28
0
44
58
-17
86
37
24
24
8
TORQUE @ FRAME  1.288
-12
52
58
-16
89
37
2
24
8
TORQUE @ FRAME  1.296
-2
45
58
-17
88
37
24
10
8
TORQUE @ FRAME  1.304
0
45
61
-18
91
39
2
16
8
TORQUE @ FRAME  1.312
-12
52
58
-18
91
39
24
2
16
TORQUE @ FRAME  1.32
0
45
58
-17
95
38
2
2
16
TORQUE @ FRAME  1.328
0
44
58
-16
93
38
10
2
6
TORQUE @ FRAME  1.336
-2
47
59
-18
94
39
24
2
6
TORQUE @ FRAME  1.344
-4
48
60
-18
98
40
10
2
8
TORQUE @ FRAME  1.352
0
52
59
-18
97
39
10
2
16
TORQUE @ FRAME  1.36
-7
55
62
-18
99
40
24
2
6
TORQUE @ FRAME  1.368
-2
50
58
-19
100
40
24
2
6
TORQUE @ FRAME  1.376
-2
44
58
-19
103
40
10
2
6
TORQUE @ FRAME  1.384
-6
45
60
-18
103
40
24
2
8
TORQUE @ FRAME  1.392
-2
43
58
-18
105
40
24
24
6
TORQUE @ FRAME  1.4
0
49
58
-18
104
42
10
2
6
TORQUE @ FRAME  1.408
0
50
60
-17
107
41
24
2
16
TORQUE @ FRAME  1.416
-6
54
59
-18
107
41
24
2
16
TORQUE @ FRAME  1.424
0
43
60
-19
107
43
24
2
6
TORQUE @ FRAME  1.432
-4
44
59
-19
108
42
10
2
6
TORQUE @ FRAME  1.44
-6
50
62
-22
110
43
24
2
6
TORQUE @ FRAME  1.448
0
53
60
-21
111
44
24
2
6
TORQUE @ FRAME  1.456
0
47
58
-19
111
43
24
2
16
TORQUE @ FRAME  1.464
-4
45
58
-19
114
46
18
2
6
TORQUE @ FRAME  1.472
-4
52
61
-19
114
45
10
2
6
TORQUE @ FRAME  1.48
-12
55
61
-18
115
44
10
2
6
TORQUE @ FRAME  1.488
-9
49
58
-19
115
44
10
2
6
TORQUE @ FRAME  1.496
-2
51
58
-23
116
45
10
2
6
TORQUE @ FRAME  1.504
-9
43
58
-19
119
45
32
2
6
TORQUE @ FRAME  1.512
-6
43
57
-19
118
45
3
2
2
TORQUE @ FRAME  1.52
-9
54
58
-19
119
46
10
16
13
TORQUE @ FRAME  1.528
-13
54
59
-18
121
46
10
16
16
TORQUE @ FRAME  1.536
0
44
59
-19
121
46
24
16
6
TORQUE @ FRAME  1.544
-7
44
59
-23
120
47
32
16
2
TORQUE @ FRAME  1.552
-13
54
58
-20
121
48
24
16
6
TORQUE @ FRAME  1.56
0
51
61
-19
123
47
24
6
6
TORQUE @ FRAME  1.568
0
46
58
-20
124
49
24
8
6
TORQUE @ FRAME  1.576
0
47
61
-21
125
48
10
8
16
TORQUE @ FRAME  1.584
-12
47
58
-23
126
47
18
16
16
TORQUE @ FRAME  1.592
-10
55
58
-20
127
48
3
16
16
TORQUE @ FRAME  1.6
0
49
58
-20
126
49
5
2
2
TORQUE @ FRAME  1.608
-10
47
58
-19
126
49
24
6
16
TORQUE @ FRAME  1.616
0
51
59
-20
128
50
24
6
16
TORQUE @ FRAME  1.624
-9
45
61
-23
129
50
10
6
6
TORQUE @ FRAME  1.632
0
55
60
-21
131
49
10
6
2
TORQUE @ FRAME  1.64
0
49
62
-21
131
49
10
16
16
TORQUE @ FRAME  1.648
0
52
59
-23
132
51
10
16
16
TORQUE @ FRAME  1.656
0
52
60
-24
132
51
10
16
2
TORQUE @ FRAME  1.664
-6
46
59
-25
132
51
10
16
16
TORQUE @ FRAME  1.672
0
54
58
-20
132
51
24
16
2
TORQUE @ FRAME  1.68
0
53
62
-23
134
52
10
16
16
TORQUE @ FRAME  1.688
-9
52
59
-24
136
52
10
16
16
TORQUE @ FRAME  1.696
-2
52
58
-25
136
52
10
16
16
TORQUE @ FRAME  1.704
-9
47
59
-21
135
54
18
16
2
TORQUE @ FRAME  1.712
-2
56
58
-22
137
53
3
6
10
TORQUE @ FRAME  1.72
-4
45
60
-24
136
53
10
16
24
TORQUE @ FRAME  1.728
0
51
61
-22
139
54
32
6
2
TORQUE @ FRAME  1.736
-9
54
60
-21
139
55
10
6
2
TORQUE @ FRAME  1.744
0
50
63
-25
141
53
10
6
2
TORQUE @ FRAME  1.752
-6
46
63
-23
139
55
10
16
2
TORQUE @ FRAME  1.76
-2
53
63
-25
141
55
10
6
2
TORQUE @ FRAME  1.768
-9
46
60
-23
142
55
10
6
2
TORQUE @ FRAME  1.776
-7
55
62
-26
143
56
10
6
2
TORQUE @ FRAME  1.784
0
52
59
-22
142
56
10
6
2
TORQUE @ FRAME  1.792
0
55
59
-24
143
56
32
6
2
TORQUE @ FRAME  1.8
-4
55
60
-22
145
56
32
16
24
TORQUE @ FRAME  1.808
-6
56
62
-24
144
55
10
16
2
TORQUE @ FRAME  1.816
0
51
59
-24
146
57
10
6
2
TORQUE @ FRAME  1.824
-12
55
62
-25
146
58
18
8
2
TORQUE @ FRAME  1.832
0
55
62
-25
145
57
3
8
2
TORQUE @ FRAME  1.84
0
52
61
-25
147
59
10
8
24
TORQUE @ FRAME  1.848
-9
52
63
-25
147
57
10
16
24
TORQUE @ FRAME  1.856
-12
46
63
-26
148
57
10
6
24
TORQUE @ FRAME  1.864
0
46
63
-26
149
57
32
6
10
TORQUE @ FRAME  1.872
-6
51
61
-26
149
59
10
16
10
TORQUE @ FRAME  1.88
-9
52
63
-26
150
60
24
6
24
TORQUE @ FRAME  1.888
0
51
63
-26
150
59
10
6
10
TORQUE @ FRAME  1.896
0
56
63
-25
151
60
32
6
24
TORQUE @ FRAME  1.904
-3
46
61
-26
152
60
10
6
24
TORQUE @ FRAME  1.912
-2
53
60
-24
153
60
10
2
32
TORQUE @ FRAME  1.92
0
47
63
-25
151
61
10
2
10
TORQUE @ FRAME  1.928
-12
56
63
-26
153
62
10
6
10
TORQUE @ FRAME  1.936
-7
53
63
-26
152
62
32
6
10
TORQUE @ FRAME  1.944
0
57
63
-26
154
60
18
16
10
TORQUE @ FRAME  1.952
0
52
63
-26
155
62
3
6
10
TORQUE @ FRAME  1.96
-6
49
63
-26
155
62
10
6
24
TORQUE @ FRAME  1.968
0
47
63
-26
156
62
10
16
10
TORQUE @ FRAME  1.976
-4
50
63
-26
156
62
10
6
10
TORQUE @ FRAME  1.984
0
56
63
-26
156
63
10
6
10
TORQUE @ FRAME  1.992
-6
56
63
-26
156
64
10
6
24
TORQUE @ FRAME  2
0
53
63
-26
158
64
10
6
24
TORQUE @ FRAME  2.008
-3
57
63
-26
158
64
10
6
24
TORQUE @ FRAME  2.016
-2
56
63
-26
160
63
10
6
10
TORQUE @ FRAME  2.024
-6
57
63
-26
159
65
10
6
10
TORQUE @ FRAME  2.032
0
55
63
-26
161
65
10
6
10
TORQUE @ FRAME  2.04
0
49
65
-26
160
65
24
6
10
TORQUE @ FRAME  2.048
-12
56
63
-26
161
66
10
16
10
TORQUE @ FRAME  2.056
-6
57
65
-27
162
65
24
8
10
TORQUE @ FRAME  2.064
-12
50
65
-26
164
66
10
8
10
TORQUE @ FRAME  2.072
-12
53
67
-26
163
67
10
8
10
TORQUE @ FRAME  2.08
-8
56
64
-27
164
68
10
6
10
TORQUE @ FRAME  2.088
0
57
65
-26
164
66
10
6
10
TORQUE @ FRAME  2.096
0
52
66
-26
165
69
10
6
32
TORQUE @ FRAME  2.104
-12
50
64
-30
165
68
10
6
10
TORQUE @ FRAME  2.112
-6
54
64
-27
165
68
24
6
3
TORQUE @ FRAME  2.12
-12
57
66
-26
166
70
10
6
10
TORQUE @ FRAME  2.128
-7
57
64
-27
166
68
10
8
32
TORQUE @ FRAME  2.136
0
57
67
-27
167
69
2
8
32
TORQUE @ FRAME  2.144
-3
57
64
-26
168
70
24
8
24
TORQUE @ FRAME  2.152
-12
56
68
-26
168
70
10
8
32
TORQUE @ FRAME  2.16
-3
57
67
-30
169
70
10
8
10
TORQUE @ FRAME  2.168
0
57
68
-31
170
69
32
6
10
TORQUE @ FRAME  2.176
-3
57
67
-27
170
71
10
8
10
TORQUE @ FRAME  2.184
0
57
68
-30
170
71
10
8
32
TORQUE @ FRAME  2.192
0
57
66
-27
171
72
16
8
32
TORQUE @ FRAME  2.2
-9
57
68
-28
171
72
24
6
18
TORQUE @ FRAME  2.208
-3
57
65
-27
171
72
24
8
24
TORQUE @ FRAME  2.216
0
57
67
-28
171
74
10
14
32
TORQUE @ FRAME  2.224
-4
57
65
-28
174
73
10
8
10
TORQUE @ FRAME  2.232
0
60
67
-27
173
73
10
8
32
TORQUE @ FRAME  2.24
0
57
66
-30
174
73
2
8
32
TORQUE @ FRAME  2.248
0
57
69
-32
174
74
24
14
10
TORQUE @ FRAME  2.256
0
57
69
-27
175
73
24
14
32
TORQUE @ FRAME  2.264
-3
57
68
-27
174
73
24
8
32
TORQUE @ FRAME  2.272
-5
57
69
-32
176
76
24
6
32
TORQUE @ FRAME  2.28
0
57
66
-28
174
75
2
14
18
TORQUE @ FRAME  2.288
0
57
69
-30
176
75
24
8
32
TORQUE @ FRAME  2.296
-6
58
69
-26
177
76
24
8
32
TORQUE @ FRAME  2.304
-9
63
69
-26
177
75
32
0
32
TORQUE @ FRAME  2.312
-9
57
69
-30
177
76
24
14
32
TORQUE @ FRAME  2.32
-2
63
69
-27
178
75
24
8
32
TORQUE @ FRAME  2.328
-5
57
69
-27
178
76
24
0
32
TORQUE @ FRAME  2.336
0
61
69
-30
178
76
10
8
32
TORQUE @ FRAME  2.344
0
61
69
-28
180
77
2
8
32
TORQUE @ FRAME  2.352
0
63
72
-30
180
77
24
0
32
TORQUE @ FRAME  2.36
0
66
73
-27
179
77
24
14
32
TORQUE @ FRAME  2.368
0
63
69
-28
181
79
2
8
10
TORQUE @ FRAME  2.376
-5
65
70
-28
182
78
24
0
32
TORQUE @ FRAME  2.384
-9
57
70
-30
182
79
24
8
40
TORQUE @ FRAME  2.392
-3
61
70
-32
184
78
24
0
32
TORQUE @ FRAME  2.4
-6
57
74
-27
183
77
24
8
32
TORQUE @ FRAME  2.408
0
57
74
-33
184
78
24
8
32
TORQUE @ FRAME  2.416
0
57
74
-30
185
80
24
0
10
TORQUE @ FRAME  2.424
0
60
70
-32
184
80
24
8
32
TORQUE @ FRAME  2.432
0
57
71
-29
184
80
24
0
24
TORQUE @ FRAME  2.44
0
66
72
-32
184
79
2
0
32
TORQUE @ FRAME  2.448
0
64
74
-33
185
79
32
0
18
TORQUE @ FRAME  2.456
0
60
74
-29
186
80
16
0
10
TORQUE @ FRAME  2.464
-5
67
71
-30
184
80
24
22
32
TORQUE @ FRAME  2.472
0
67
74
-29
187
80
10
0
32
TORQUE @ FRAME  2.48
0
59
74
-33
188
81
24
0
32
TORQUE @ FRAME  2.488
0
61
74
-29
187
79
24
0
24
TORQUE @ FRAME  2.496
0
60
74
-32
188
81
2
8
32
TORQUE @ FRAME  2.504
0
58
72
-31
187
82
24
0
10
TORQUE @ FRAME  2.512
0
57
71
-30
189
80
24
0
32
TORQUE @ FRAME  2.52
-5
58
74
-30
189
81
24
0
32
TORQUE @ FRAME  2.528
-5
61
74
-31
190
81
24
0
24
TORQUE @ FRAME  2.536
0
58
75
-31
190
81
24
0
32
TORQUE @ FRAME  2.544
0
60
72
-29
189
81
24
8
24
TORQUE @ FRAME  2.552
0
59
73
-29
191
82
24
0
24
TORQUE @ FRAME  2.56
0
65
73
-33
191
83
24
8
32
TORQUE @ FRAME  2.568
0
58
74
-32
190
83
24
0
24
TORQUE @ FRAME  2.576
0
61
77
-33
192
82
24
0
32
TORQUE @ FRAME  2.584
0
61
75
-33
192
82
32
0
24
TORQUE @ FRAME  2.592
0
58
77
-30
192
82
24
8
32
TORQUE @ FRAME  2.6
0
58
75
-30
194
82
24
8
24
TORQUE @ FRAME  2.608
0
61
78
-31
192
81
24
0
32
TORQUE @ FRAME  2.616
0
59
78
-33
193
82
24
0
24
TORQUE @ FRAME  2.624
0
65
74
-33
195
83
24
8
24
TORQUE @ FRAME  2.632
0
58
75
-29
193
82
24
0
32
TORQUE @ FRAME  2.64
0
60
76
-28
195
83
24
0
24
TORQUE @ FRAME  2.648
0
58
75
-27
195
84
24
0
32
TORQUE @ FRAME  2.656
0
61
75
-27
196
84
24
0
24
TORQUE @ FRAME  2.664
0
57
74
-32
196
82
24
8
24
TORQUE @ FRAME  2.672
0
58
78
-27
196
82
16
0
32
TORQUE @ FRAME  2.68
0
62
75
-29
196
82
24
0
10
TORQUE @ FRAME  2.688
0
62
77
-32
198
84
24
8
24
TORQUE @ FRAME  2.696
0
67
75
-27
196
82
24
0
32
TORQUE @ FRAME  2.704
0
59
75
-32
197
84
24
0
24
TORQUE @ FRAME  2.712
0
59
76
-27
196
84
24
0
24
TORQUE @ FRAME  2.72
0
65
76
-32
197
84
16
8
32
TORQUE @ FRAME  2.728
0
66
75
-31
196
83
24
0
32
TORQUE @ FRAME  2.736
0
65
75
-28
199
83
24
8
24
TORQUE @ FRAME  2.744
0
63
78
-27
198
84
24
8
24
TORQUE @ FRAME  2.752
0
68
75
-27
199
82
24
8
32
TORQUE @ FRAME  2.76
0
68
77
-32
198
83
24
0
24
TORQUE @ FRAME  2.768
0
60
77
-30
199
83
24
8
24
TORQUE @ FRAME  2.776
0
62
77
-31
198
84
16
8
32
TORQUE @ FRAME  2.784
0
60
76
-33
199
84
16
8
24
TORQUE @ FRAME  2.792
0
63
76
-27
199
84
24
0
24
TORQUE @ FRAME  2.8
0
68
79
-27
200
84
24
8
24
TORQUE @ FRAME  2.808
0
59
80
-32
200
83
24
8
24
TORQUE @ FRAME  2.816
0
66
78
-30
200
85
24
8
24
TORQUE @ FRAME  2.824
0
64
79
-29
201
84
24
8
24
TORQUE @ FRAME  2.832
0
64
78
-33
201
83
24
8
24
TORQUE @ FRAME  2.84
0
62
76
-33
200
83
24
8
24
TORQUE @ FRAME  2.848
0
58
80
-29
202
84
16
8
24
TORQUE @ FRAME  2.856
0
58
78
-29
200
83
24
8
24
TORQUE @ FRAME  2.864
0
63
79
-33
201
84
24
8
24
TORQUE @ FRAME  2.872
0
67
78
-33
203
82
24
16
24
TORQUE @ FRAME  2.88
3
59
78
-29
203
85
24
16
24
TORQUE @ FRAME  2.888
0
65
78
-29
201
84
24
8
24
TORQUE @ FRAME  2.896
0
66
77
-30
201
83
16
8
24
TORQUE @ FRAME  2.904
0
67
78
-32
203
83
24
8
24
TORQUE @ FRAME  2.912
0
61
75
-32
204
83
16
8
24
TORQUE @ FRAME  2.92
0
69
78
-32
203
83
24
8
24
TORQUE @ FRAME  2.928
0
62
79
-29
203
83
16
8
24
TORQUE @ FRAME  2.936
0
64
79
-32
203
83
16
16
24
TORQUE @ FRAME  2.944
0
69
79
-32
202
83
24
16
24
TORQUE @ FRAME  2.952
0
60
78
-33
203
83
24
16
24
TORQUE @ FRAME  2.96
0
66
76
-29
204
81
24
8
24
TORQUE @ FRAME  2.968
3
63
79
-31
204
82
24
16
24
TORQUE @ FRAME  2.976
0
61
78
-29
204
80
16
8
24
TORQUE @ FRAME  2.984
0
65
77
-31
203
80
24
16
24
TORQUE @ FRAME  2.992
0
63
80
-29
204
80
16
16
24
TORQUE @ FRAME  0
0
63
76
-32
204
57
16
16
24
TORQUE @ FRAME  0.008
0
61
79
-30
205
58
8
8
0
TORQUE @ FRAME  0.016
0
64
80
-32
203
57
8
8
0
TORQUE @ FRAME  0.024
0
61
79
-29
203
58
8
8
0
TORQUE @ FRAME  0.032
0
61
80
-28
203
57
8
8
0
TORQUE @ FRAME  0.04
0
63
79
-28
204
57
8
8
0
TORQUE @ FRAME  0.048
3
66
77
-28
202
56
8
8
0
TORQUE @ FRAME  0.056
0
68
77
-26
200
54
8
8
0
TORQUE @ FRAME  0.064
0
66
77
-23
199
51
0
8
0
TORQUE @ FRAME  0.072
0
68
78
-20
197
46
8
8
0
TORQUE @ FRAME  0.08
0
59
79
-19
195
45
8
8
0
TORQUE @ FRAME  0.088
3
59
78
-16
194
40
8
8
0
TORQUE @ FRAME  0.096
0
59
79
-14
187
35
8
8
0
TORQUE @ FRAME  0.104
0
60
79
-12
183
29
0
16
0
TORQUE @ FRAME  0.112
0
65
78
-7
176
21
8
8
0
TORQUE @ FRAME  0.12
0
65
77
-5
169
15
0
8
0
TORQUE @ FRAME  0.128
0
66
79
0
163
6
8
8
0
TORQUE @ FRAME  0.136
0
59
77
-3
154
0
8
8
0
TORQUE @ FRAME  0.144
0
67
78
0
146
-6
8
8
0
TORQUE @ FRAME  0.152
0
68
79
0
135
-15
8
8
0
TORQUE @ FRAME  0.16
3
68
76
0
123
-24
0
8
0
TORQUE @ FRAME  0.168
3
63
76
4
109
-34
8
8
0
TORQUE @ FRAME  0.176
0
60
79
2
95
-43
8
8
0
TORQUE @ FRAME  0.184
0
66
76
4
86
-56
8
16
0
TORQUE @ FRAME  0.192
0
67
76
10
77
-63
8
8
0
TORQUE @ FRAME  0.2
0
62
79
13
62
-57
8
8
0
TORQUE @ FRAME  0.208
4
59
76
9
55
-54
8
8
0
TORQUE @ FRAME  0.216
3
67
76
13
43
-52
8
8
0
TORQUE @ FRAME  0.224
0
67
76
16
27
-48
8
8
0
TORQUE @ FRAME  0.232
3
60
76
16
19
-52
8
8
0
TORQUE @ FRAME  0.24
0
59
77
16
5
-59
8
8
0
TORQUE @ FRAME  0.248
3
66
80
22
-5
-56
8
8
0
TORQUE @ FRAME  0.256
0
68
78
18
-13
-52
8
8
0
TORQUE @ FRAME  0.264
0
68
75
18
-17
-53
8
8
0
TORQUE @ FRAME  0.272
0
58
77
22
-28
-58
8
8
0
TORQUE @ FRAME  0.28
0
69
78
18
-33
-53
8
8
0
TORQUE @ FRAME  0.288
3
59
76
21
-37
-50
8
8
0
TORQUE @ FRAME  0.296
3
63
78
23
-36
-60
8
8
0
TORQUE @ FRAME  0.304
3
64
79
24
-30
-50
8
8
0
TORQUE @ FRAME  0.312
3
60
79
25
-31
-47
8
8
0
TORQUE @ FRAME  0.32
0
59
77
26
-36
-51
8
8
0
TORQUE @ FRAME  0.328
0
60
77
28
-37
-50
8
8
0
TORQUE @ FRAME  0.336
0
60
77
35
-32
-54
8
16
0
TORQUE @ FRAME  0.344
4
62
77
33
-36
-53
8
16
0
TORQUE @ FRAME  0.352
0
68
76
37
-37
-61
8
8
0
TORQUE @ FRAME  0.36
0
62
79
32
-39
-48
8
8
0
TORQUE @ FRAME  0.368
0
60
80
40
-41
-46
8
8
0
TORQUE @ FRAME  0.376
0
62
76
35
-40
-49
8
8
0
TORQUE @ FRAME  0.384
0
65
78
39
-52
-56
8
8
0
TORQUE @ FRAME  0.392
0
59
80
35
-41
-52
8
8
0
TORQUE @ FRAME  0.4
0
60
79
37
-45
-59
8
8
0
TORQUE @ FRAME  0.408
3
67
76
34
-47
-51
8
8
0
TORQUE @ FRAME  0.416
3
61
77
35
-52
-55
8
8
0
TORQUE @ FRAME  0.424
0
59
79
37
-47
-51
8
8
0
TORQUE @ FRAME  0.432
0
59
76
38
-46
-49
8
16
0
TORQUE @ FRAME  0.44
3
68
79
43
-47
-50
8
8
0
TORQUE @ FRAME  0.448
0
59
80
40
-50
-54
8
8
0
TORQUE @ FRAME  0.456
0
69
77
39
-49
-54
8
8
0
TORQUE @ FRAME  0.464
0
58
76
42
-50
-57
8
8
0
TORQUE @ FRAME  0.472
0
68
80
38
-53
-57
8
8
0
TORQUE @ FRAME  0.48
0
58
79
34
-53
-58
8
8
0
TORQUE @ FRAME  0.488
0
67
79
37
-58
-63
8
8
0
TORQUE @ FRAME  0.496
0
62
76
27
-45
-59
8
16
0
TORQUE @ FRAME  0.504
0
67
80
41
-47
-54
8
8
0
TORQUE @ FRAME  0.512
3
68
80
45
-51
-54
8
16
0
TORQUE @ FRAME  0.52
3
67
78
42
-37
-54
8
8
0
TORQUE @ FRAME  0.528
0
60
80
42
-44
-56
8
8
0
TORQUE @ FRAME  0.536
0
63
79
38
-43
-52
8
16
0
TORQUE @ FRAME  0.544
0
68
77
40
-42
-51
8
8
0
TORQUE @ FRAME  0.552
0
66
78
37
-44
-51
8
16
0
TORQUE @ FRAME  0.56
0
58
80
35
-42
-47
8
8
0
TORQUE @ FRAME  0.568
0
58
76
39
-45
-48
8
8
0
TORQUE @ FRAME  0.576
0
58
77
41
-41
-52
8
16
0
TORQUE @ FRAME  0.584
3
66
80
44
-38
-46
8
8
0
TORQUE @ FRAME  0.592
3
58
79
40
-42
-47
8
8
0
TORQUE @ FRAME  0.6
0
59
80
38
-45
-44
8
8
0
TORQUE @ FRAME  0.608
0
61
76
36
-44
-49
8
8
0
TORQUE @ FRAME  0.616
2
61
79
36
-39
-49
8
8
0
TORQUE @ FRAME  0.624
0
61
79
40
-40
-50
8
8
0
TORQUE @ FRAME  0.632
0
62
80
42
-35
-45
8
8
0
TORQUE @ FRAME  0.64
0
65
78
39
-36
-49
8
8
0
TORQUE @ FRAME  0.648
3
64
78
40
-35
-56
8
8
0
TORQUE @ FRAME  0.656
0
67
77
38
-34
-49
8
8
0
TORQUE @ FRAME  0.664
0
61
76
35
-34
-50
8
8
0
TORQUE @ FRAME  0.672
4
61
80
34
-34
-50
8
8
0
TORQUE @ FRAME  0.68
2
68
77
43
-30
-54
8
8
0
TORQUE @ FRAME  0.688
0
63
79
41
-27
-60
8
8
0
TORQUE @ FRAME  0.696
0
61
79
41
-27
-57
8
8
0
TORQUE @ FRAME  0.704
0
59
77
43
-28
-57
8
16
0
TORQUE @ FRAME  0.712
0
61
80
37
-31
-62
8
8
0
TORQUE @ FRAME  0.72
4
64
78
44
-31
-61
8
8
0
TORQUE @ FRAME  0.728
3
58
76
46
-30
-73
8
8
0
TORQUE @ FRAME  0.736
0
65
79
43
-31
-70
8
16
0
TORQUE @ FRAME  0.744
0
66
79
45
-34
-75
8
8
0
TORQUE @ FRAME  0.752
0
67
77
42
-41
-78
8
8
0
TORQUE @ FRAME  0.76
3
59
77
41
-44
-73
8
16
0
TORQUE @ FRAME  0.768
0
64
77
42
-40
-98
8
8
0
TORQUE @ FRAME  0.776
0
62
80
47
-46
-84
8
16
0
TORQUE @ FRAME  0.784
0
68
78
43
-41
-85
8
8
0
TORQUE @ FRAME  0.792
0
66
80
42
-46
-88
8
8
0
TORQUE @ FRAME  0.8
0
65
78
40
-45
-90
8
8
0
TORQUE @ FRAME  0.808
0
64
76
39
-49
-92
8
8
0
TORQUE @ FRAME  0.816
3
59
80
44
-54
-85
8
16
0
TORQUE @ FRAME  0.824
3
61
80
43
-51
-88
8
8
0
TORQUE @ FRAME  0.832
0
65
77
45
-51
-96
8
8
8
TORQUE @ FRAME  0.84
0
61
77
39
-54
-89
8
16
8
TORQUE @ FRAME  0.848
0
58
78
37
-57
-84
8
16
8
TORQUE @ FRAME  0.856
0
59
77
45
-58
-95
0
16
8
TORQUE @ FRAME  0.864
0
68
79
47
-67
-91
0
8
8
TORQUE @ FRAME  0.872
0
63
77
43
-62
-96
0
8
8
TORQUE @ FRAME  0.88
4
63
76
47
-63
-90
0
8
8
TORQUE @ FRAME  0.888
0
62
80
40
-72
-92
0
8
8
TORQUE @ FRAME  0.896
0
58
80
47
-70
-86
0
8
8
TORQUE @ FRAME  0.904
3
63
77
47
-81
-105
0
16
8
TORQUE @ FRAME  0.912
0
63
76
28
-73
-101
0
8
8
TORQUE @ FRAME  0.92
0
69
79
42
-77
-102
0
16
8
TORQUE @ FRAME  0.928
3
68
77
44
-74
-103
0
8
8
TORQUE @ FRAME  0.936
0
66
76
53
-81
-103
0
8
8
TORQUE @ FRAME  0.944
0
59
79
47
-73
-101
0
8
8
TORQUE @ FRAME  0.952
0
67
79
48
-76
-117
0
8
8
TORQUE @ FRAME  0.96
4
58
78
42
-70
-104
0
8
8
TORQUE @ FRAME  0.968
0
58
78
49
-67
-121
0
8
8
TORQUE @ FRAME  0.976
0
68
76
49
-71
-117
0
8
8
TORQUE @ FRAME  0.984
0
59
79
45
-61
-127
0
16
8
TORQUE @ FRAME  0.992
0
65
78
52
-74
-132
0
8
8
TORQUE @ FRAME  1
3
68
80
44
-68
-135
0
16
8
TORQUE @ FRAME  1.008
0
68
80
48
-73
-146
0
16
8
TORQUE @ FRAME  1.016
0
63
79
41
-73
-160
0
16
8
TORQUE @ FRAME  1.024
0
62
76
43
-76
-163
0
8
8
TORQUE @ FRAME  1.032
0
68
76
44
-67
-163
0
16
8
TORQUE @ FRAME  1.04
2
64
80
46
-64
-177
0
8
8
TORQUE @ FRAME  1.048
0
61
79
43
-64
-188
0
16
8
TORQUE @ FRAME  1.056
0
68
79
42
-62
-194
0
16
8
TORQUE @ FRAME  1.064
0
64
79
47
-61
-202
0
8
8
TORQUE @ FRAME  1.072
0
65
75
44
-62
-221
0
16
8
TORQUE @ FRAME  1.08
3
66
76
41
-64
-235
0
16
8
TORQUE @ FRAME  1.088
2
65
77
42
-59
-241
0
8
8
TORQUE @ FRAME  1.096
0
68
76
45
-56
-244
0
8
8
TORQUE @ FRAME  1.104
0
63
77
46
-47
-246
0
8
8
TORQUE @ FRAME  1.112
2
61
78
41
-41
-235
0
8
8
TORQUE @ FRAME  1.12
4
60
77
41
-35
-191
0
8
8
TORQUE @ FRAME  1.128
0
60
78
42
-35
-187
0
8
8
TORQUE @ FRAME  1.136
3
61
76
43
-34
-181
0
8
8
TORQUE @ FRAME  1.144
0
68
76
41
-29
-187
0
16
8
TORQUE @ FRAME  1.152
3
58
77
36
-26
-170
0
16
8
TORQUE @ FRAME  1.16
0
64
78
39
-25
-161
0
8
8
TORQUE @ FRAME  1.168
0
65
80
38
-25
-139
8
8
8
TORQUE @ FRAME  1.176
0
66
76
34
-22
-109
0
8
8
TORQUE @ FRAME  1.184
0
59
79
28
-17
-106
0
16
8
TORQUE @ FRAME  1.192
4
61
80
37
-21
-100
0
8
8
TORQUE @ FRAME  1.2
3
65
80
40
-20
-96
0
16
8
TORQUE @ FRAME  1.208
0
59
78
33
-25
-88
0
8
8
TORQUE @ FRAME  1.216
2
65
77
34
-20
-86
0
16
8
TORQUE @ FRAME  1.224
0
59
77
37
-22
-86
0
8
8
TORQUE @ FRAME  1.232
4
65
79
37
-25
-77
0
8
8
TORQUE @ FRAME  1.24
0
59
75
37
-37
-76
0
8
8
TORQUE @ FRAME  1.248
0
61
80
29
-36
-74
0
8
8
TORQUE @ FRAME  1.256
0
63
79
41
-38
-65
0
16
8
TORQUE @ FRAME  1.264
0
59
79
41
-39
-67
0
8
8
TORQUE @ FRAME  1.272
0
68
78
36
-44
-69
0
8
8
TORQUE @ FRAME  1.28
3
59
78
36
-51
-66
0
8
8
TORQUE @ FRAME  1.288
0
68
80
41
-48
-71
0
8
8
TORQUE @ FRAME  1.296
0
64
79
44
-56
-59
0
16
8
TORQUE @ FRAME  1.304
0
62
77
39
-58
-62
0
8
8
TORQUE @ FRAME  1.312
0
58
80
39
-56
-59
0
8
8
TORQUE @ FRAME  1.32
2
58
80
43
-63
-60
0
16
8
TORQUE @ FRAME  1.328
0
68
76
43
-61
-58
0
16
8
TORQUE @ FRAME  1.336
4
62
76
38
-62
-62
0
16
8
TORQUE @ FRAME  1.344
3
63
80
38
-59
-58
0
16
8
TORQUE @ FRAME  1.352
0
62
80
43
-56
-58
0
8
8
TORQUE @ FRAME  1.36
4
59
79
41
-53
-55
0
16
8
TORQUE @ FRAME  1.368
3
63
80
38
-56
-55
0
8
8
TORQUE @ FRAME  1.376
3
62
76
33
-51
-59
0
16
8
TORQUE @ FRAME  1.384
0
65
78
47
-59
-60
0
8
8
TORQUE @ FRAME  1.392
0
63
79
46
-49
-57
0
16
8
TORQUE @ FRAME  1.4
0
65
75
40
-59
-66
0
16
8
TORQUE @ FRAME  1.408
0
60
76
40
-49
-53
0
8
8
TORQUE @ FRAME  1.416
3
65
76
45
-44
-64
0
8
8
TORQUE @ FRAME  1.424
2
58
80
45
-42
-61
0
8
8
TORQUE @ FRAME  1.432
4
66
77
41
-42
-72
0
8
8
TORQUE @ FRAME  1.44
0
59
76
40
-46
-71
0
16
8
TORQUE @ FRAME  1.448
0
62
77
45
-38
-69
8
8
8
TORQUE @ FRAME  1.456
0
62
78
47
-46
-71
0
8
8
TORQUE @ FRAME  1.464
0
68
79
44
-43
-90
8
8
8
TORQUE @ FRAME  1.472
0
64
77
40
-47
-93
0
16
8
TORQUE @ FRAME  1.48
3
68
78
47
-55
-95
0
8
8
TORQUE @ FRAME  1.488
0
59
78
47
-60
-102
0
16
8
TORQUE @ FRAME  1.496
3
63
77
42
-58
-104
0
8
8
TORQUE @ FRAME  1.504
0
61
80
41
-56
-104
0
16
8
TORQUE @ FRAME  1.512
0
61
78
45
-59
-101
0
16
16
TORQUE @ FRAME  1.52
0
64
80
46
-58
-105
0
8
16
TORQUE @ FRAME  1.528
0
59
80
46
-62
-92
0
8
16
TORQUE @ FRAME  1.536
0
59
77
39
-60
-103
0
8
16
TORQUE @ FRAME  1.544
0
64
79
48
-63
-99
0
8
16
TORQUE @ FRAME  1.552
0
61
79
50
-63
-107
0
8
16
TORQUE @ FRAME  1.56
0
68
77
46
-68
-106
0
8
16
TORQUE @ FRAME  1.568
3
65
79
42
-70
-109
0
16
16
TORQUE @ FRAME  1.576
3
58
80
49
-76
-110
0
8
16
TORQUE @ FRAME  1.584
3
66
77
51
-77
-110
8
8
16
TORQUE @ FRAME  1.592
0
65
80
45
-73
-101
8
8
16
TORQUE @ FRAME  1.6
3
64
80
48
-78
-115
8
8
16
TORQUE @ FRAME  1.608
0
59
78
51
-77
-113
8
8
16
TORQUE @ FRAME  1.616
3
67
76
51
-80
-118
8
16
16
TORQUE @ FRAME  1.624
3
61
80
45
-72
-117
8
8
16
TORQUE @ FRAME  1.632
0
59
80
41
-75
-124
8
16
16
TORQUE @ FRAME  1.64
0
59
80
45
-69
-127
8
8
16
TORQUE @ FRAME  1.648
0
59
80
43
-66
-130
8
8
16
TORQUE @ FRAME  1.656
4
58
77
41
-65
-134
8
16
16
TORQUE @ FRAME  1.664
4
62
80
42
-57
-146
8
8
16
TORQUE @ FRAME  1.672
0
59
76
44
-61
-155
8
8
16
TORQUE @ FRAME  1.68
0
61
80
43
-64
-157
8
16
16
TORQUE @ FRAME  1.688
0
61
78
40
-58
-166
8
8
16
TORQUE @ FRAME  1.696
0
60
78
42
-56
-185
8
8
16
TORQUE @ FRAME  1.704
0
65
76
46
-60
-200
8
8
16
TORQUE @ FRAME  1.712
4
58
78
45
-67
-209
8
16
16
TORQUE @ FRAME  1.72
0
67
76
45
-59
-234
8
16
16
TORQUE @ FRAME  1.728
0
67
80
41
-59
-247
8
16
16
TORQUE @ FRAME  1.736
2
63
76
46
-59
-260
8
8
16
TORQUE @ FRAME  1.744
0
60
78
46
-64
-271
8
16
16
TORQUE @ FRAME  1.752
0
68
76
41
-67
-268
8
8
16
TORQUE @ FRAME  1.76
3
59
79
40
-63
-235
8
16
16
TORQUE @ FRAME  1.768
0
59
77
43
-62
-202
8
8
16
TORQUE @ FRAME  1.776
4
59
79
45
-68
-190
8
8
16
TORQUE @ FRAME  1.784
0
59
78
43
-69
-192
8
16
16
TORQUE @ FRAME  1.792
2
59
78
34
-60
-192
8
8
16
TORQUE @ FRAME  1.8
3
62
78
43
-64
-180
8
8
16
TORQUE @ FRAME  1.808
0
59
80
38
-67
-168
8
16
16
TORQUE @ FRAME  1.816
0
66
77
36
-58
-139
8
16
16
TORQUE @ FRAME  1.824
2
67
77
37
-55
-120
8
8
16
TORQUE @ FRAME  1.832
0
67
75
40
-60
-103
8
8
16
TORQUE @ FRAME  1.84
0
62
79
39
-56
-86
8
16
16
TORQUE @ FRAME  1.848
0
63
77
38
-62
-90
8
16
16
TORQUE @ FRAME  1.856
0
60
76
32
-49
-94
8
8
16
TORQUE @ FRAME  1.864
0
61
78
38
-49
-75
8
16
16
TORQUE @ FRAME  1.872
0
63
76
38
-48
-69
16
8
16
TORQUE @ FRAME  1.88
3
62
77
35
-51
-67
8
16
16
TORQUE @ FRAME  1.888
0
59
76
33
-60
-62
8
8
16
TORQUE @ FRAME  1.896
0
58
80
37
-53
-65
8
16
16
TORQUE @ FRAME  1.904
0
68
77
40
-58
-55
8
16
16
TORQUE @ FRAME  1.912
0
62
79
36
-55
-57
8
8
16
TORQUE @ FRAME  1.92
0
61
77
34
-60
-62
8
16
16
TORQUE @ FRAME  1.928
4
66
77
44
-55
-68
8
16
16
TORQUE @ FRAME  1.936
0
68
76
41
-54
-70
8
16
16
TORQUE @ FRAME  1.944
0
62
77
41
-57
-66
8
8
16
TORQUE @ FRAME  1.952
0
60
79
38
-53
-65
8
16
16
TORQUE @ FRAME  1.96
0
65
79
44
-45
-70
8
8
16
TORQUE @ FRAME  1.968
3
59
77
41
-44
-68
8
8
16
TORQUE @ FRAME  1.976
0
60
80
39
-45
-61
8
16
16
TORQUE @ FRAME  1.984
3
61
78
35
-47
-67
8
16
16
TORQUE @ FRAME  1.992
3
64
80
42
-39
-63
8
8
16
TORQUE @ FRAME  2
3
59
77
42
-39
-69
8
8
16
TORQUE @ FRAME  2.008
0
67
76
38
-36
-64
8
16
16
TORQUE @ FRAME  2.016
0
58
77
39
-39
-69
8
8
16
TORQUE @ FRAME  2.024
0
63
76
44
-36
-63
8
8
16
TORQUE @ FRAME  2.032
0
59
76
44
-30
-67
8
8
16
TORQUE @ FRAME  2.04
0
61
77
41
-29
-70
8
16
16
TORQUE @ FRAME  2.048
0
59
76
39
-31
-72
8
8
16
TORQUE @ FRAME  2.056
0
64
78
43
-33
-68
16
8
16
TORQUE @ FRAME  2.064
0
63
78
43
-32
-73
8
8
16
TORQUE @ FRAME  2.072
0
62
80
41
-36
-74
8
8
16
TORQUE @ FRAME  2.08
0
59
76
39
-36
-74
8
8
16
TORQUE @ FRAME  2.088
4
61
78
45
-43
-83
8
16
16
TORQUE @ FRAME  2.096
0
64
78
44
-44
-82
16
16
16
TORQUE @ FRAME  2.104
4
65
79
42
-48
-85
8
8
16
TORQUE @ FRAME  2.112
0
59
76
42
-54
-89
8
16
16
TORQUE @ FRAME  2.12
0
62
79
47
-54
-86
8
8
16
TORQUE @ FRAME  2.128
0
64
80
49
-55
-98
8
16
16
TORQUE @ FRAME  2.136
4
64
78
44
-62
-103
16
8
16
TORQUE @ FRAME  2.144
3
65
78
40
-62
-102
8
16
16
TORQUE @ FRAME  2.152
0
63
76
42
-67
-96
8
8
16
TORQUE @ FRAME  2.16
0
67
78
46
-64
-98
8
16
16
TORQUE @ FRAME  2.168
0
64
77
45
-66
-101
8
8
16
TORQUE @ FRAME  2.176
0
62
79
44
-67
-99
8
16
16
TORQUE @ FRAME  2.184
0
62
80
43
-75
-100
8
8
16
TORQUE @ FRAME  2.192
0
58
76
45
-73
-103
8
24
24
TORQUE @ FRAME  2.2
0
59
76
48
-76
-111
8
24
24
TORQUE @ FRAME  2.208
0
68
78
47
-85
-107
8
16
24
TORQUE @ FRAME  2.216
0
61
76
44
-69
-108
8
16
24
TORQUE @ FRAME  2.224
0
65
77
43
-74
-114
8
16
24
TORQUE @ FRAME  2.232
0
59
79
48
-77
-115
8
16
24
TORQUE @ FRAME  2.24
0
64
80
49
-78
-115
16
16
24
TORQUE @ FRAME  2.248
0
62
80
46
-76
-114
8
16
24
TORQUE @ FRAME  2.256
0
60
79
46
-77
-120
8
16
24
TORQUE @ FRAME  2.264
0
65
79
43
-80
-110
8
16
24
TORQUE @ FRAME  2.272
0
62
79
48
-82
-116
8
16
24
TORQUE @ FRAME  2.28
3
65
80
48
-89
-118
8
16
24
TORQUE @ FRAME  2.288
4
62
76
48
-75
-119
8
16
24
TORQUE @ FRAME  2.296
3
60
76
40
-83
-117
8
16
24
TORQUE @ FRAME  2.304
0
59
76
39
-79
-121
8
24
24
TORQUE @ FRAME  2.312
0
59
76
46
-80
-119
8
16
24
TORQUE @ FRAME  2.32
2
66
78
44
-89
-122
8
16
24
TORQUE @ FRAME  2.328
0
64
79
42
-87
-129
8
16
24
TORQUE @ FRAME  2.336
3
58
76
41
-88
-132
16
16
24
TORQUE @ FRAME  2.344
4
64
77
35
-88
-121
8
16
24
TORQUE @ FRAME  2.352
0
68
80
40
-76
-135
8
24
24
TORQUE @ FRAME  2.36
0
61
77
44
-88
-135
16
16
24
TORQUE @ FRAME  2.368
0
60
79
43
-82
-143
16
16
24
TORQUE @ FRAME  2.376
0
60
76
40
-83
-152
16
16
24
TORQUE @ FRAME  2.384
0
64
79
38
-88
-152
16
16
24
TORQUE @ FRAME  2.392
0
69
76
34
-89
-162
16
16
24
TORQUE @ FRAME  2.4
3
65
80
39
-91
-162
16
16
24
TORQUE @ FRAME  2.408
0
61
77
40
-79
-176
16
16
24
TORQUE @ FRAME  2.416
0
61
77
40
-81
-180
24
16
24
TORQUE @ FRAME  2.424
0
59
78
32
-77
-185
16
16
24
TORQUE @ FRAME  2.432
0
68
80
40
-76
-182
16
16
24
TORQUE @ FRAME  2.44
0
66
77
36
-79
-182
16
16
24
TORQUE @ FRAME  2.448
0
64
79
39
-81
-207
16
16
24
TORQUE @ FRAME  2.456
0
58
79
40
-69
-212
24
16
24
TORQUE @ FRAME  2.464
0
68
80
46
-67
-215
16
16
24
TORQUE @ FRAME  2.472
0
67
77
42
-74
-220
16
16
24
TORQUE @ FRAME  2.48
2
63
77
40
-67
-227
16
16
24
TORQUE @ FRAME  2.488
3
61
78
40
-69
-232
16
24
24
TORQUE @ FRAME  2.496
0
64
80
36
-67
-245
16
16
24
TORQUE @ FRAME  2.504
4
60
77
32
-63
-257
16
16
24
TORQUE @ FRAME  2.512
3
58
78
38
-58
-227
16
16
24
TORQUE @ FRAME  2.52
0
59
76
42
-56
-232
16
16
24
TORQUE @ FRAME  2.528
0
67
77
40
-58
-239
16
16
24
TORQUE @ FRAME  2.536
0
63
80
39
-56
-225
16
16
24
TORQUE @ FRAME  2.544
0
68
80
38
-56
-218
16
16
24
TORQUE @ FRAME  2.552
3
69
80
34
-56
-229
16
16
24
TORQUE @ FRAME  2.56
0
65
77
30
-50
-225
16
16
24
TORQUE @ FRAME  2.568
0
59
80
30
-53
-238
16
16
24
TORQUE @ FRAME  2.576
0
65
80
34
-49
-228
16
16
24
TORQUE @ FRAME  2.584
0
59
80
35
-51
-225
16
16
24
TORQUE @ FRAME  2.592
0
66
80
34
-53
-222
16
16
24
TORQUE @ FRAME  2.6
2
61
80
34
-53
-242
16
24
24
TORQUE @ FRAME  2.608
0
58
75
34
-50
-224
16
16
24
TORQUE @ FRAME  2.616
0
66
79
28
-40
-216
16
16
24
TORQUE @ FRAME  2.624
4
64
76
32
-41
-193
16
16
24
TORQUE @ FRAME  2.632
0
58
80
31
-39
-191
16
16
24
TORQUE @ FRAME  2.64
0
66
79
28
-41
-186
16
16
24
TORQUE @ FRAME  2.648
0
64
77
35
-35
-177
16
16
24
TORQUE @ FRAME  2.656
0
64
79
30
-40
-170
16
16
24
TORQUE @ FRAME  2.664
0
61
76
35
-38
-162
16
16
24
TORQUE @ FRAME  2.672
0
62
80
34
-37
-144
16
16
24
TORQUE @ FRAME  2.68
3
66
79
32
-37
-146
16
16
24
TORQUE @ FRAME  2.688
0
59
78
31
-37
-127
16
16
24
TORQUE @ FRAME  2.696
0
68
76
31
-36
-126
16
16
24
TORQUE @ FRAME  2.704
3
67
76
28
-29
-111
16
16
24
TORQUE @ FRAME  2.712
0
63
79
24
-27
-102
16
16
24
TORQUE @ FRAME  2.72
0
58
79
28
-31
-115
16
16
24
TORQUE @ FRAME  2.728
0
63
76
25
-24
-107
16
16
24
TORQUE @ FRAME  2.736
2
59
77
26
-26
-103
16
16
24
TORQUE @ FRAME  2.744
0
62
80
30
-27
-100
16
16
24
TORQUE @ FRAME  2.752
4
65
77
25
-25
-100
16
16
24
TORQUE @ FRAME  2.76
0
65
80
31
-26
-96
16
16
24
TORQUE @ FRAME  2.768
4
67
77
28
-26
-95
16
16
24
TORQUE @ FRAME  2.776
0
64
80
30
-23
-97
16
16
24
TORQUE @ FRAME  2.784
0
59
75
30
-25
-98
16
16
24
TORQUE @ FRAME  2.792
0
61
78
23
-26
-89
16
16
24
TORQUE @ FRAME  2.8
0
60
77
31
-25
-85
16
16
24
TORQUE @ FRAME  2.808
0
59
79
26
-22
-85
16
16
24
TORQUE @ FRAME  2.816
0
64
80
27
-27
-76
16
16
24
TORQUE @ FRAME  2.824
0
58
79
29
-23
-74
16
16
16
TORQUE @ FRAME  2.832
0
68
76
23
-25
-77
16
16
16
TORQUE @ FRAME  2.84
3
67
76
22
-23
-77
16
16
24
TORQUE @ FRAME  2.848
0
60
80
27
-20
-78
16
24
24
TORQUE @ FRAME  2.856
3
62
79
25
-23
-82
16
24
24
TORQUE @ FRAME  2.864
0
58
75
21
-23
-80
16
24
24
TORQUE @ FRAME  2.872
0
61
77
24
-25
-78
16
16
24
TORQUE @ FRAME  2.88
2
58
79
27
-22
-78
16
16
24
TORQUE @ FRAME  2.888
0
66
80
34
-25
-73
16
16
24
TORQUE @ FRAME  2.896
0
68
80
32
-20
-70
16
16
24
TORQUE @ FRAME  2.904
0
61
80
29
-21
-62
16
16
24
TORQUE @ FRAME  2.912
0
58
77
30
-23
-64
16
16
24
TORQUE @ FRAME  2.92
0
67
79
34
-25
-65
16
24
16
TORQUE @ FRAME  2.928
0
69
79
35
-25
-63
16
16
24
TORQUE @ FRAME  2.936
0
68
79
29
-24
-65
16
16
24
TORQUE @ FRAME  2.944
0
64
79
31
-25
-69
16
16
16
TORQUE @ FRAME  2.952
3
62
76
31
-25
-64
16
16
24
TORQUE @ FRAME  2.96
0
59
79
32
-25
-62
16
16
24
TORQUE @ FRAME  2.968
0
65
78
34
-26
-64
16
16
16
TORQUE @ FRAME  2.976
4
62
77
35
-28
-69
16
16
24
TORQUE @ FRAME  2.984
0
58
79
37
-27
-59
16
16
24
TORQUE @ FRAME  2.992
0
60
76
35
-25
-60
16
16
24
