TORQUE @ FRAME  0
0
280
22
19
147
0
72
1048
64
TORQUE @ FRAME  1
0
302
24
16
147
0
72
1048
56
TORQUE @ FRAME  2
0
291
28
16
145
0
64
1048
56
TORQUE @ FRAME  3
0
288
30
16
143
0
72
1048
56
TORQUE @ FRAME  4
0
273
32
16
141
0
72
1048
56
TORQUE @ FRAME  5
0
277
34
16
141
0
72
1048
56
TORQUE @ FRAME  6
0
271
34
6
140
0
72
1040
56
TORQUE @ FRAME  7
0
265
36
13
138
0
72
1048
56
TORQUE @ FRAME  8
0
267
39
16
137
0
72
1048
64
TORQUE @ FRAME  9
0
261
40
15
136
0
64
1048
64
TORQUE @ FRAME  10
0
255
38
3
135
0
72
1048
64
TORQUE @ FRAME  11
0
251
40
16
133
0
64
1048
56
TORQUE @ FRAME  12
0
249
37
14
134
0
72
1048
64
TORQUE @ FRAME  13
0
242
40
10
131
0
72
1040
56
TORQUE @ FRAME  14
0
246
40
15
130
0
72
1048
64
TORQUE @ FRAME  15
0
238
40
6
129
0
64
1048
64
TORQUE @ FRAME  16
0
237
40
12
128
0
72
1048
56
TORQUE @ FRAME  17
0
230
40
12
126
0
64
1048
56
TORQUE @ FRAME  18
0
227
40
13
125
0
72
1048
56
TORQUE @ FRAME  19
0
226
40
15
125
0
72
1048
56
TORQUE @ FRAME  20
0
218
40
16
123
0
64
1048
56
TORQUE @ FRAME  21
0
223
40
14
121
0
64
1048
56
TORQUE @ FRAME  22
0
216
40
15
120
0
72
1040
64
TORQUE @ FRAME  23
0
215
40
12
119
0
72
1048
56
TORQUE @ FRAME  24
0
215
40
16
118
0
64
1048
56
TORQUE @ FRAME  25
0
215
40
16
116
0
72
1048
56
TORQUE @ FRAME  26
0
208
40
3
114
0
64
1048
56
TORQUE @ FRAME  27
0
207
40
16
114
0
72
1040
56
TORQUE @ FRAME  28
0
207
40
16
114
0
64
1048
56
TORQUE @ FRAME  29
0
208
40
13
112
0
72
1048
56
TORQUE @ FRAME  30
0
211
40
6
109
0
64
1048
56
TORQUE @ FRAME  31
0
209
40
15
109
0
72
1048
64
TORQUE @ FRAME  32
0
204
40
16
108
0
72
1040
56
TORQUE @ FRAME  33
0
204
40
16
107
0
72
1048
64
TORQUE @ FRAME  34
0
209
40
3
105
0
72
1040
64
TORQUE @ FRAME  35
0
204
40
14
105
0
72
1048
56
TORQUE @ FRAME  36
0
204
40
16
103
0
72
1040
56
TORQUE @ FRAME  37
0
204
40
16
101
0
64
1048
56
TORQUE @ FRAME  38
0
203
40
10
101
0
72
1048
56
TORQUE @ FRAME  39
0
200
40
8
99
0
72
1048
64
TORQUE @ FRAME  40
0
203
40
16
98
0
64
1048
56
TORQUE @ FRAME  41
0
203
40
15
96
0
64
1048
56
TORQUE @ FRAME  42
0
203
40
7
96
0
72
1040
56
TORQUE @ FRAME  43
0
203
40
10
97
0
72
1040
56
TORQUE @ FRAME  44
0
203
40
15
97
0
64
1048
56
TORQUE @ FRAME  45
0
203
40
7
96
0
64
1048
64
TORQUE @ FRAME  46
0
203
37
16
96
0
72
1048
56
TORQUE @ FRAME  47
0
203
40
12
96
0
64
1048
64
TORQUE @ FRAME  48
0
203
40
14
98
0
72
1048
56
TORQUE @ FRAME  49
0
203
40
15
97
0
72
1048
56
TORQUE @ FRAME  50
0
203
40
10
97
0
72
1048
64
TORQUE @ FRAME  51
0
204
40
15
96
0
64
1048
56
TORQUE @ FRAME  52
0
203
40
10
97
0
72
1040
64
TORQUE @ FRAME  53
0
203
40
15
97
0
72
1048
64
TORQUE @ FRAME  54
0
203
40
16
98
0
72
1048
56
TORQUE @ FRAME  55
0
203
40
16
97
0
72
1040
56
TORQUE @ FRAME  56
0
203
40
14
97
0
72
1048
56
TORQUE @ FRAME  57
0
203
40
16
96
0
64
1048
56
TORQUE @ FRAME  58
0
203
40
15
97
0
64
1048
56
TORQUE @ FRAME  59
0
203
40
15
98
0
72
1040
56
TORQUE @ FRAME  60
0
203
40
16
96
0
64
1048
56
TORQUE @ FRAME  61
0
203
40
14
96
0
64
1040
64
TORQUE @ FRAME  62
0
203
40
16
96
0
72
1048
56
TORQUE @ FRAME  63
0
203
40
11
97
0
64
1048
56
TORQUE @ FRAME  64
0
203
40
15
97
0
64
1048
64
TORQUE @ FRAME  65
0
203
40
8
97
0
72
1040
56
TORQUE @ FRAME  66
0
203
40
14
96
0
64
1040
56
TORQUE @ FRAME  67
0
203
40
12
98
0
72
1048
56
TORQUE @ FRAME  68
0
203
40
14
97
0
64
1048
56
TORQUE @ FRAME  69
0
203
40
12
98
0
64
1048
56
TORQUE @ FRAME  70
0
203
40
3
98
0
64
1048
56
TORQUE @ FRAME  71
0
203
40
11
98
0
64
1048
56
TORQUE @ FRAME  72
0
203
40
12
97
0
72
1040
56
TORQUE @ FRAME  73
0
203
40
3
98
0
64
1048
56
TORQUE @ FRAME  74
0
198
40
7
96
0
64
1048
56
TORQUE @ FRAME  75
0
204
40
15
96
0
64
1048
56
TORQUE @ FRAME  76
0
203
40
6
96
0
64
1040
56
TORQUE @ FRAME  77
0
203
40
14
98
0
72
1048
56
TORQUE @ FRAME  78
0
203
40
14
98
0
64
1040
56
TORQUE @ FRAME  79
0
203
40
6
98
0
64
1048
56
TORQUE @ FRAME  80
0
203
40
16
97
0
72
1048
56
TORQUE @ FRAME  81
0
203
40
8
98
0
64
1040
56
TORQUE @ FRAME  82
0
203
40
16
98
0
64
1048
56
TORQUE @ FRAME  83
0
203
40
11
97
0
72
1040
56
TORQUE @ FRAME  84
0
203
40
7
97
0
64
1040
56
TORQUE @ FRAME  85
0
203
40
14
97
0
64
1048
56
TORQUE @ FRAME  86
0
203
40
16
97
0
72
1048
56
TORQUE @ FRAME  87
0
202
40
10
97
0
64
1048
64
TORQUE @ FRAME  88
0
203
40
10
97
0
64
1040
56
TORQUE @ FRAME  89
0
203
40
8
97
0
64
1040
56
TORQUE @ FRAME  90
0
203
40
16
97
0
72
1048
64
TORQUE @ FRAME  91
0
203
40
10
97
0
72
1048
56
TORQUE @ FRAME  92
0
203
40
3
97
0
64
1048
56
TORQUE @ FRAME  93
0
203
40
15
97
0
72
1048
56
TORQUE @ FRAME  94
0
203
40
11
97
0
64
1040
56
TORQUE @ FRAME  95
0
203
40
8
97
0
64
1048
56
TORQUE @ FRAME  96
0
203
40
14
97
0
64
1048
56
TORQUE @ FRAME  97
0
203
40
16
97
0
64
1048
56
TORQUE @ FRAME  98
0
203
41
6
97
0
64
1048
56
TORQUE @ FRAME  99
0
203
46
16
97
0
72
1048
56
TORQUE @ FRAME  100
0
203
51
15
97
0
72
1040
56
TORQUE @ FRAME  101
0
203
52
12
97
0
64
1048
56
TORQUE @ FRAME  102
0
203
56
15
97
0
72
1048
56
TORQUE @ FRAME  103
0
203
57
14
97
0
64
1048
56
TORQUE @ FRAME  104
0
203
61
0
97
0
64
1040
56
TORQUE @ FRAME  105
0
203
62
12
97
0
64
1048
56
TORQUE @ FRAME  106
0
203
63
14
97
0
64
1048
56
TORQUE @ FRAME  107
0
203
64
3
97
0
72
1048
56
TORQUE @ FRAME  108
0
203
67
10
97
0
72
1048
64
TORQUE @ FRAME  109
0
203
69
12
97
0
64
1040
56
TORQUE @ FRAME  110
0
203
69
10
97
0
72
1048
56
TORQUE @ FRAME  111
0
203
69
6
97
0
64
1048
56
TORQUE @ FRAME  112
0
203
69
14
97
0
64
1048
56
TORQUE @ FRAME  113
0
203
69
10
97
0
72
1048
56
TORQUE @ FRAME  114
0
203
69
6
97
0
64
1048
56
TORQUE @ FRAME  115
0
203
73
13
97
0
72
1040
56
TORQUE @ FRAME  116
0
203
71
15
97
0
64
1040
56
TORQUE @ FRAME  117
0
203
70
15
97
0
72
1048
56
TORQUE @ FRAME  118
0
203
71
14
97
0
64
1048
56
TORQUE @ FRAME  119
0
203
72
15
97
0
64
1040
64
TORQUE @ FRAME  120
0
203
69
6
97
0
64
1048
56
TORQUE @ FRAME  121
0
203
69
3
97
0
72
1040
56
TORQUE @ FRAME  122
0
203
67
13
97
0
72
1048
56
TORQUE @ FRAME  123
0
203
65
6
97
0
72
1048
56
TORQUE @ FRAME  124
0
203
66
15
97
0
72
1048
56
TORQUE @ FRAME  125
0
203
64
6
97
0
64
1048
56
TORQUE @ FRAME  126
0
203
64
15
97
0
64
1040
64
TORQUE @ FRAME  127
0
203
65
6
97
0
64
1040
56
TORQUE @ FRAME  128
0
203
64
12
97
0
64
1048
56
TORQUE @ FRAME  129
0
203
64
3
97
0
72
1048
56
TORQUE @ FRAME  130
0
203
64
12
97
0
64
1048
56
TORQUE @ FRAME  131
0
203
68
6
97
0
72
1048
56
TORQUE @ FRAME  132
0
203
68
12
97
0
72
1040
56
TORQUE @ FRAME  133
0
203
65
10
97
0
72
1040
56
TORQUE @ FRAME  134
0
203
65
15
97
0
72
1048
56
TORQUE @ FRAME  135
0
203
64
13
97
0
64
1048
56
TORQUE @ FRAME  136
0
203
66
6
97
0
72
1048
64
TORQUE @ FRAME  137
0
203
69
3
97
0
64
1048
56
TORQUE @ FRAME  138
0
203
65
3
97
0
64
1040
56
TORQUE @ FRAME  139
0
203
65
6
97
0
72
1040
64
TORQUE @ FRAME  140
0
203
64
3
97
0
72
1040
56
TORQUE @ FRAME  141
0
203
65
15
97
0
72
1048
56
TORQUE @ FRAME  142
0
203
67
6
97
0
72
1048
56
TORQUE @ FRAME  143
0
204
64
6
97
0
64
1040
56
TORQUE @ FRAME  144
0
208
64
15
97
0
72
1040
64
TORQUE @ FRAME  145
0
204
67
10
97
0
64
1048
56
TORQUE @ FRAME  146
0
203
67
6
97
0
72
1048
56
TORQUE @ FRAME  147
0
206
66
13
97
0
72
1040
56
TORQUE @ FRAME  148
0
203
66
10
97
0
72
1040
56
TORQUE @ FRAME  149
0
203
67
14
97
0
64
1048
56
TORQUE @ FRAME  150
0
204
68
3
97
0
72
1048
56
TORQUE @ FRAME  151
0
203
67
0
97
0
64
1048
56
TORQUE @ FRAME  152
0
203
64
15
97
0
64
1048
56
TORQUE @ FRAME  153
0
205
65
13
97
0
72
1040
56
TORQUE @ FRAME  154
0
204
66
10
97
0
72
1048
56
TORQUE @ FRAME  155
0
204
65
13
97
0
72
1040
56
TORQUE @ FRAME  156
0
205
65
0
97
0
72
1048
56
TORQUE @ FRAME  157
0
203
68
12
97
0
64
1048
56
TORQUE @ FRAME  158
0
203
68
16
97
0
72
1048
56
TORQUE @ FRAME  159
0
203
68
16
97
0
72
1048
56
TORQUE @ FRAME  160
0
203
67
6
97
0
72
1040
56
TORQUE @ FRAME  161
0
205
68
15
97
0
64
1040
64
TORQUE @ FRAME  162
0
203
66
13
97
0
64
1048
56
TORQUE @ FRAME  163
0
208
67
16
97
0
72
1048
56
TORQUE @ FRAME  164
0
204
65
12
97
0
72
1040
56
TORQUE @ FRAME  165
0
203
65
14
97
0
72
1048
56
TORQUE @ FRAME  166
0
203
64
13
97
0
64
1048
56
TORQUE @ FRAME  167
0
203
67
3
97
0
64
1048
56
TORQUE @ FRAME  168
0
203
67
13
97
0
72
1040
56
TORQUE @ FRAME  169
0
205
64
3
97
0
64
1048
56
TORQUE @ FRAME  170
0
203
67
14
97
0
72
1048
56
TORQUE @ FRAME  171
0
203
64
12
97
0
64
1048
56
TORQUE @ FRAME  172
0
205
64
6
97
0
64
1048
56
TORQUE @ FRAME  173
0
203
68
0
97
0
64
1048
56
TORQUE @ FRAME  174
0
203
68
0
97
0
72
1048
56
TORQUE @ FRAME  175
0
206
66
0
96
0
72
1048
56
TORQUE @ FRAME  176
0
204
62
15
97
0
72
1048
56
TORQUE @ FRAME  177
0
205
59
14
97
0
64
1048
56
TORQUE @ FRAME  178
0
204
62
6
96
0
64
1048
56
TORQUE @ FRAME  179
0
203
57
15
97
0
72
1048
56
TORQUE @ FRAME  180
0
203
57
14
97
0
72
1048
56
TORQUE @ FRAME  181
0
203
57
9
97
0
64
1048
56
TORQUE @ FRAME  182
0
203
52
12
96
0
64
1048
56
TORQUE @ FRAME  183
0
203
55
15
98
0
64
1048
56
TORQUE @ FRAME  184
0
206
52
15
97
0
72
1040
56
TORQUE @ FRAME  185
0
203
53
6
98
0
64
1048
56
TORQUE @ FRAME  186
0
203
54
6
96
0
72
1048
56
TORQUE @ FRAME  187
0
207
56
9
98
0
64
1048
56
TORQUE @ FRAME  188
0
203
53
10
97
0
72
1040
56
TORQUE @ FRAME  189
0
203
52
9
98
0
64
1048
56
TORQUE @ FRAME  190
0
203
52
0
97
0
64
1048
56
TORQUE @ FRAME  191
0
205
52
0
97
0
64
1048
56
TORQUE @ FRAME  192
0
205
52
11
97
0
72
1048
56
TORQUE @ FRAME  193
0
203
52
0
97
0
64
1040
56
TORQUE @ FRAME  194
0
203
52
15
96
0
64
1048
56
TORQUE @ FRAME  195
0
203
52
3
98
0
64
1048
56
TORQUE @ FRAME  196
0
203
52
15
97
0
64
1048
56
TORQUE @ FRAME  197
0
203
52
13
96
0
64
1048
56
TORQUE @ FRAME  198
0
203
54
0
97
0
64
1040
56
TORQUE @ FRAME  199
0
204
52
5
96
0
64
1040
56
TORQUE @ FRAME  200
0
206
52
0
96
0
64
1040
56
TORQUE @ FRAME  201
0
203
53
6
97
0
72
1048
56
TORQUE @ FRAME  202
0
203
52
3
98
0
64
1048
64
TORQUE @ FRAME  203
0
203
52
15
96
0
64
1048
56
TORQUE @ FRAME  204
0
206
52
5
96
0
64
1048
64
TORQUE @ FRAME  205
0
203
55
0
96
0
72
1048
56
TORQUE @ FRAME  206
0
203
53
3
96
0
64
1048
56
TORQUE @ FRAME  207
0
203
52
9
96
0
72
1048
56
TORQUE @ FRAME  208
0
203
54
0
98
0
64
1048
56
TORQUE @ FRAME  209
0
209
54
5
97
0
72
1048
56
TORQUE @ FRAME  210
0
206
54
14
97
0
72
1048
56
TORQUE @ FRAME  211
0
207
52
6
98
0
72
1048
56
TORQUE @ FRAME  212
0
206
52
6
97
0
72
1048
56
TORQUE @ FRAME  213
0
203
56
0
97
0
64
1048
56
TORQUE @ FRAME  214
0
202
52
15
98
0
72
1048
56
TORQUE @ FRAME  215
0
206
55
15
96
0
72
1048
56
TORQUE @ FRAME  216
0
208
53
9
96
0
64
1048
56
TORQUE @ FRAME  217
0
203
52
3
98
0
64
1048
56
TORQUE @ FRAME  218
0
203
55
15
97
0
64
1048
64
TORQUE @ FRAME  219
0
203
53
0
97
0
72
1048
56
TORQUE @ FRAME  220
0
203
52
3
97
0
64
1040
56
TORQUE @ FRAME  221
0
203
55
14
96
0
72
1048
56
TORQUE @ FRAME  222
0
205
52
15
97
0
72
1048
56
TORQUE @ FRAME  223
0
204
55
13
96
0
72
1048
64
TORQUE @ FRAME  224
0
205
52
0
98
0
64
1048
56
TORQUE @ FRAME  225
0
203
52
15
96
0
72
1048
56
TORQUE @ FRAME  226
0
203
52
0
98
0
72
1040
64
TORQUE @ FRAME  227
0
202
52
0
97
0
72
1040
56
TORQUE @ FRAME  228
0
203
52
13
97
0
72
1040
64
TORQUE @ FRAME  229
0
208
53
3
97
0
72
1040
56
TORQUE @ FRAME  230
0
204
52
3
97
0
72
1040
56
TORQUE @ FRAME  231
0
206
53
10
96
0
64
1048
56
TORQUE @ FRAME  232
0
202
52
10
97
0
72
1048
56
TORQUE @ FRAME  233
0
203
52
13
98
0
64
1040
56
TORQUE @ FRAME  234
0
206
53
5
97
0
72
1040
56
TORQUE @ FRAME  235
0
203
52
9
98
0
72
1048
56
TORQUE @ FRAME  236
0
203
52
0
96
0
64
1040
56
TORQUE @ FRAME  237
0
203
52
9
97
0
64
1040
56
TORQUE @ FRAME  238
0
203
52
12
98
0
72
1048
56
TORQUE @ FRAME  239
0
203
52
5
97
0
72
1048
56
TORQUE @ FRAME  240
0
203
54
13
97
0
72
1048
64
TORQUE @ FRAME  241
0
203
54
0
97
0
64
1048
56
TORQUE @ FRAME  242
0
204
53
9
97
0
64
1048
64
TORQUE @ FRAME  243
0
203
55
12
97
0
64
1048
64
TORQUE @ FRAME  244
0
203
52
10
97
0
64
1040
56
TORQUE @ FRAME  245
0
203
52
12
97
0
64
1040
56
TORQUE @ FRAME  246
0
204
53
13
97
0
64
1048
56
TORQUE @ FRAME  247
0
207
53
9
97
0
64
1040
56
TORQUE @ FRAME  248
0
203
52
15
97
0
72
1048
56
TORQUE @ FRAME  249
0
206
55
15
97
0
72
1048
56
TORQUE @ FRAME  250
0
203
52
10
98
0
64
1048
56
TORQUE @ FRAME  251
0
208
53
12
96
0
72
1040
64
TORQUE @ FRAME  252
0
208
53
9
96
0
64
1048
64
TORQUE @ FRAME  253
0
203
52
10
96
0
64
1048
64
TORQUE @ FRAME  254
0
203
54
6
98
0
72
1040
56
TORQUE @ FRAME  255
0
203
52
15
97
0
64
1048
56
TORQUE @ FRAME  256
0
203
52
10
96
0
72
1040
56
TORQUE @ FRAME  257
0
208
54
15
97
0
64
1040
64
TORQUE @ FRAME  258
0
203
52
0
96
0
72
1048
56
TORQUE @ FRAME  259
0
203
52
11
97
0
72
1040
56
TORQUE @ FRAME  260
0
206
52
3
97
0
72
1040
56
TORQUE @ FRAME  261
0
202
53
15
97
0
64
1040
56
TORQUE @ FRAME  262
0
203
54
5
96
0
72
1040
56
TORQUE @ FRAME  263
0
208
56
14
97
0
64
1040
56
TORQUE @ FRAME  264
0
208
52
10
96
0
64
1040
56
TORQUE @ FRAME  265
0
203
54
15
98
0
64
1040
56
TORQUE @ FRAME  266
0
208
52
13
97
0
72
1048
56
TORQUE @ FRAME  267
0
204
52
9
97
0
64
1048
56
TORQUE @ FRAME  268
0
204
52
12
98
0
64
1040
56
TORQUE @ FRAME  269
0
204
52
3
98
0
72
1040
56
TORQUE @ FRAME  270
0
203
54
9
98
0
72
1040
64
TORQUE @ FRAME  271
0
208
55
14
96
0
72
1048
56
TORQUE @ FRAME  272
0
204
54
13
97
0
72
1040
56
TORQUE @ FRAME  273
0
204
55
13
97
0
72
1040
56
TORQUE @ FRAME  274
0
207
52
0
96
0
64
1040
56
TORQUE @ FRAME  275
0
206
52
15
96
0
72
1040
64
TORQUE @ FRAME  276
0
208
53
0
96
0
72
1040
56
TORQUE @ FRAME  277
0
206
56
12
96
0
64
1040
56
TORQUE @ FRAME  278
0
204
53
3
96
0
64
1040
56
TORQUE @ FRAME  279
0
208
52
10
97
0
72
1040
56
TORQUE @ FRAME  280
0
202
53
10
97
0
72
1040
56
TORQUE @ FRAME  281
0
203
52
13
96
0
64
1040
56
TORQUE @ FRAME  282
0
207
52
13
97
0
72
1040
56
TORQUE @ FRAME  283
0
203
52
9
97
0
64
1048
56
TORQUE @ FRAME  284
0
203
52
14
98
0
72
1048
56
TORQUE @ FRAME  285
0
205
52
10
97
0
72
1048
56
TORQUE @ FRAME  286
0
206
54
9
96
0
64
1048
64
TORQUE @ FRAME  287
0
208
56
12
97
0
72
1048
56
TORQUE @ FRAME  288
0
206
55
14
96
0
64
1040
56
TORQUE @ FRAME  289
0
204
54
12
96
0
64
1048
56
TORQUE @ FRAME  290
0
206
55
3
96
0
64
1040
56
TORQUE @ FRAME  291
0
203
53
0
97
0
72
1048
56
TORQUE @ FRAME  292
0
203
52
12
98
0
64
1048
56
TORQUE @ FRAME  293
0
203
52
15
98
0
64
1040
56
TORQUE @ FRAME  294
0
208
53
0
97
0
72
1040
56
TORQUE @ FRAME  295
0
206
52
3
98
0
72
1040
56
TORQUE @ FRAME  296
0
208
54
15
96
0
64
1040
56
TORQUE @ FRAME  297
0
203
52
0
97
0
72
1040
56
TORQUE @ FRAME  298
0
203
55
0
96
0
72
1040
56
TORQUE @ FRAME  299
0
203
55
10
97
0
72
1040
56
TORQUE @ FRAME  300
0
203
52
13
97
0
72
1048
56
TORQUE @ FRAME  301
0
203
56
9
97
0
64
1048
56
TORQUE @ FRAME  302
0
203
55
10
98
0
64
1040
56
TORQUE @ FRAME  303
0
203
55
0
97
0
64
1040
56
TORQUE @ FRAME  304
0
206
52
14
96
0
64
1048
56
TORQUE @ FRAME  305
0
203
52
15
98
0
64
1048
56
TORQUE @ FRAME  306
0
203
52
13
97
0
72
1040
56
TORQUE @ FRAME  307
0
202
52
13
96
0
72
1048
56
TORQUE @ FRAME  308
0
203
52
14
96
0
72
1048
56
TORQUE @ FRAME  309
0
205
55
12
97
0
64
1040
56
TORQUE @ FRAME  310
0
207
53
6
96
0
72
1048
56
TORQUE @ FRAME  311
0
207
52
15
96
0
64
1040
56
TORQUE @ FRAME  312
0
207
52
3
97
0
72
1048
56
TORQUE @ FRAME  313
0
205
52
3
96
0
72
1048
64
TORQUE @ FRAME  314
0
203
53
15
96
0
64
1040
56
TORQUE @ FRAME  315
0
203
52
15
96
0
72
1048
56
TORQUE @ FRAME  316
0
202
52
13
97
0
64
1048
56
TORQUE @ FRAME  317
0
203
52
3
96
0
64
1040
56
TORQUE @ FRAME  318
0
203
52
6
97
0
64
1040
56
TORQUE @ FRAME  319
0
204
53
9
96
0
64
1048
56
TORQUE @ FRAME  320
0
206
56
6
97
0
72
1040
56
TORQUE @ FRAME  321
0
203
56
0
96
0
72
1040
56
TORQUE @ FRAME  322
0
204
52
9
97
0
72
1040
56
TORQUE @ FRAME  323
0
208
53
15
98
0
72
1048
56
TORQUE @ FRAME  324
0
203
52
12
97
0
64
1048
56
TORQUE @ FRAME  325
0
203
55
6
97
0
72
1040
56
TORQUE @ FRAME  326
0
203
52
3
97
0
64
1040
56
TORQUE @ FRAME  327
0
202
52
15
97
0
64
1048
56
TORQUE @ FRAME  328
0
202
52
13
97
0
72
1048
56
TORQUE @ FRAME  329
0
203
56
6
96
0
64
1048
56
TORQUE @ FRAME  330
0
206
53
0
97
0
64
1040
56
TORQUE @ FRAME  331
0
203
52
12
98
0
64
1040
56
TORQUE @ FRAME  332
0
203
54
0
97
0
72
1040
56
TORQUE @ FRAME  333
0
204
54
0
96
0
64
1040
56
TORQUE @ FRAME  334
0
203
53
12
97
0
64
1040
56
TORQUE @ FRAME  335
0
203
55
6
97
0
64
1040
56
TORQUE @ FRAME  336
0
205
52
6
97
0
72
1040
56
TORQUE @ FRAME  337
0
208
52
12
96
0
64
1040
56
TORQUE @ FRAME  338
0
202
54
14
99
0
64
1040
56
TORQUE @ FRAME  339
0
203
56
9
97
0
72
1040
64
TORQUE @ FRAME  340
0
203
52
3
97
0
64
1048
56
TORQUE @ FRAME  341
0
203
52
3
98
0
64
1048
56
TORQUE @ FRAME  342
0
202
52
12
96
0
64
1040
56
TORQUE @ FRAME  343
0
203
54
0
98
0
72
1040
56
TORQUE @ FRAME  344
0
208
52
12
97
0
64
1048
56
TORQUE @ FRAME  345
0
203
52
0
97
0
72
1048
56
TORQUE @ FRAME  346
0
204
53
6
96
0
64
1040
56
TORQUE @ FRAME  347
0
203
53
6
97
0
72
1040
56
TORQUE @ FRAME  348
0
204
52
0
97
0
72
1048
56
TORQUE @ FRAME  349
0
206
52
6
96
0
72
1040
56
TORQUE @ FRAME  350
0
206
53
0
98
0
72
1040
56
TORQUE @ FRAME  351
0
205
55
13
97
0
72
1040
56
TORQUE @ FRAME  352
0
206
55
15
98
0
72
1040
56
TORQUE @ FRAME  353
0
205
52
10
96
0
72
1040
56
TORQUE @ FRAME  354
0
206
55
0
98
0
72
1048
56
TORQUE @ FRAME  355
0
203
54
0
97
0
64
1040
64
TORQUE @ FRAME  356
0
208
52
15
96
0
64
1040
56
TORQUE @ FRAME  357
0
203
56
6
96
0
64
1048
56
TORQUE @ FRAME  358
0
203
54
14
98
0
72
1048
56
TORQUE @ FRAME  359
0
203
52
9
96
0
64
1040
64
TORQUE @ FRAME  360
0
204
52
12
98
0
64
1040
56
TORQUE @ FRAME  361
0
210
52
0
97
0
64
1048
56
TORQUE @ FRAME  362
0
203
53
15
97
0
72
1048
56
TORQUE @ FRAME  363
0
203
55
0
98
0
72
1048
64
TORQUE @ FRAME  364
0
203
52
15
98
0
64
1040
56
TORQUE @ FRAME  365
0
204
54
6
97
0
64
1040
56
TORQUE @ FRAME  366
0
207
52
6
97
0
72
1040
56
TORQUE @ FRAME  367
0
206
54
15
97
0
72
1040
56
TORQUE @ FRAME  368
0
202
52
12
97
0
64
1040
56
TORQUE @ FRAME  369
0
203
53
10
97
0
64
1040
56
TORQUE @ FRAME  370
0
206
53
15
97
0
72
1048
56
TORQUE @ FRAME  371
0
203
52
15
97
0
64
1048
56
TORQUE @ FRAME  372
0
205
52
15
99
0
72
1040
56
TORQUE @ FRAME  373
0
202
52
9
96
0
64
1048
56
TORQUE @ FRAME  374
0
203
54
3
98
0
64
1048
56
TORQUE @ FRAME  375
0
203
52
15
96
0
64
1040
56
TORQUE @ FRAME  376
0
203
53
10
96
0
64
1040
56
TORQUE @ FRAME  377
0
208
54
15
97
0
64
1048
56
TORQUE @ FRAME  378
0
203
54
0
96
0
72
1040
56
TORQUE @ FRAME  379
0
203
52
6
98
0
64
1048
56
TORQUE @ FRAME  380
0
203
54
14
98
0
72
1048
56
TORQUE @ FRAME  381
0
207
56
5
98
0
64
1048
56
TORQUE @ FRAME  382
0
203
56
9
97
0
72
1048
56
TORQUE @ FRAME  383
0
205
57
15
97
0
64
1040
56
TORQUE @ FRAME  384
0
203
55
15
98
0
72
1040
56
TORQUE @ FRAME  385
0
203
56
0
98
0
64
1040
56
TORQUE @ FRAME  386
0
203
58
10
99
0
64
1040
56
TORQUE @ FRAME  387
0
203
58
5
96
0
64
1040
56
TORQUE @ FRAME  388
0
202
59
15
98
0
64
1048
56
TORQUE @ FRAME  389
0
208
62
16
96
0
72
1048
56
TORQUE @ FRAME  390
0
203
61
12
99
0
72
1040
56
TORQUE @ FRAME  391
0
203
62
14
97
0
64
1048
56
TORQUE @ FRAME  392
0
203
63
6
97
0
72
1048
56
TORQUE @ FRAME  393
0
205
61
15
98
0
72
1040
56
TORQUE @ FRAME  394
0
203
64
6
97
0
64
1048
56
TORQUE @ FRAME  395
0
208
64
6
97
0
64
1040
56
TORQUE @ FRAME  396
0
208
64
9
97
0
72
1048
56
TORQUE @ FRAME  397
0
202
65
14
97
0
64
1040
56
TORQUE @ FRAME  398
0
203
64
12
96
0
64
1048
56
TORQUE @ FRAME  399
0
203
68
0
97
0
72
1040
56
TORQUE @ FRAME  400
0
202
67
13
97
0
64
1040
56
TORQUE @ FRAME  401
0
205
65
3
96
0
72
1040
56
TORQUE @ FRAME  402
0
205
65
13
99
0
72
1048
56
TORQUE @ FRAME  403
0
203
64
10
96
0
72
1040
56
TORQUE @ FRAME  404
0
203
66
3
97
0
72
1048
56
TORQUE @ FRAME  405
0
202
68
0
97
0
64
1048
56
TORQUE @ FRAME  406
0
202
65
15
97
0
72
1048
56
TORQUE @ FRAME  407
0
206
68
6
97
0
64
1040
56
TORQUE @ FRAME  408
0
203
69
6
97
0
72
1040
56
TORQUE @ FRAME  409
0
203
65
14
97
0
72
1048
56
TORQUE @ FRAME  410
0
204
65
12
97
0
72
1040
56
TORQUE @ FRAME  411
0
203
69
6
97
0
64
1040
56
TORQUE @ FRAME  412
0
203
68
0
97
0
72
1040
56
TORQUE @ FRAME  413
0
204
67
0
97
0
64
1040
56
TORQUE @ FRAME  414
0
208
67
9
97
0
72
1040
56
TORQUE @ FRAME  415
0
208
68
0
97
0
64
1040
56
TORQUE @ FRAME  416
0
203
68
15
97
0
72
1048
56
TORQUE @ FRAME  417
0
203
67
13
97
0
72
1040
64
TORQUE @ FRAME  418
0
203
68
14
97
0
64
1048
56
TORQUE @ FRAME  419
0
202
65
15
97
0
72
1048
56
TORQUE @ FRAME  420
0
208
69
0
97
0
64
1048
56
TORQUE @ FRAME  421
0
204
66
15
97
0
64
1048
56
TORQUE @ FRAME  422
0
204
68
0
97
0
72
1040
56
TORQUE @ FRAME  423
0
210
66
12
97
0
72
1040
56
TORQUE @ FRAME  424
0
203
67
3
97
0
72
1040
56
TORQUE @ FRAME  425
0
205
65
0
97
0
72
1048
56
TORQUE @ FRAME  426
0
208
66
0
97
0
72
1048
56
TORQUE @ FRAME  427
0
203
66
0
97
0
72
1048
56
TORQUE @ FRAME  428
0
202
67
9
97
0
64
1040
56
TORQUE @ FRAME  429
0
202
65
0
96
0
72
1040
56
TORQUE @ FRAME  430
0
204
69
0
97
0
72
1048
56
TORQUE @ FRAME  431
0
204
66
5
97
0
64
1048
56
TORQUE @ FRAME  432
0
203
65
16
97
0
72
1040
56
TORQUE @ FRAME  433
0
203
65
0
97
0
64
1040
56
TORQUE @ FRAME  434
0
204
67
13
97
0
72
1048
64
TORQUE @ FRAME  435
0
203
67
15
97
0
64
1040
56
TORQUE @ FRAME  436
0
202
69
5
97
0
72
1040
56
TORQUE @ FRAME  437
0
204
64
3
97
0
72
1048
56
TORQUE @ FRAME  438
0
203
68
5
97
0
72
1048
56
TORQUE @ FRAME  439
0
205
68
13
97
0
72
1048
56
TORQUE @ FRAME  440
0
203
67
15
97
0
64
1048
56
TORQUE @ FRAME  441
0
209
69
5
97
0
72
1048
56
TORQUE @ FRAME  442
0
203
69
0
97
0
72
1048
56
TORQUE @ FRAME  443
0
203
67
12
97
0
72
1048
56
TORQUE @ FRAME  444
0
203
67
9
97
0
64
1040
56
TORQUE @ FRAME  445
0
208
66
3
97
0
72
1048
56
TORQUE @ FRAME  446
0
203
67
13
97
0
64
1040
56
TORQUE @ FRAME  447
0
208
64
0
97
0
72
1048
56
TORQUE @ FRAME  448
0
206
63
15
97
0
64
1040
56
TORQUE @ FRAME  449
0
204
63
15
97
0
72
1040
56
TORQUE @ FRAME  450
0
202
63
15
97
0
72
1048
56
TORQUE @ FRAME  451
0
205
59
12
97
0
72
1040
64
TORQUE @ FRAME  452
0
206
58
3
97
0
64
1040
56
TORQUE @ FRAME  453
0
203
58
5
97
0
64
1040
56
TORQUE @ FRAME  454
0
206
58
15
97
0
72
1048
56
TORQUE @ FRAME  455
0
202
58
15
97
0
64
1040
56
TORQUE @ FRAME  456
0
203
56
6
97
0
72
1040
56
TORQUE @ FRAME  457
0
204
58
15
97
0
72
1040
56
TORQUE @ FRAME  458
0
204
53
6
97
0
72
1048
56
TORQUE @ FRAME  459
0
207
55
15
97
0
64
1040
56
TORQUE @ FRAME  460
0
203
56
10
97
0
64
1048
56
TORQUE @ FRAME  461
0
207
55
6
97
0
64
1048
64
TORQUE @ FRAME  462
0
202
55
5
97
0
72
1048
56
TORQUE @ FRAME  463
0
202
58
15
97
0
64
1040
56
TORQUE @ FRAME  464
0
203
58
16
97
0
64
1040
56
TORQUE @ FRAME  465
0
202
57
13
98
0
72
1040
56
TORQUE @ FRAME  466
0
202
57
3
97
0
64
1048
56
TORQUE @ FRAME  467
0
202
54
15
97
0
72
1048
56
TORQUE @ FRAME  468
0
202
56
9
97
0
64
1048
56
TORQUE @ FRAME  469
0
203
57
15
97
0
72
1040
56
TORQUE @ FRAME  470
0
205
55
0
97
0
72
1040
56
TORQUE @ FRAME  471
0
203
56
6
97
0
72
1040
56
TORQUE @ FRAME  472
0
210
57
9
97
0
64
1040
56
TORQUE @ FRAME  473
0
204
57
0
97
0
64
1040
56
TORQUE @ FRAME  474
0
204
54
3
97
0
72
1048
56
TORQUE @ FRAME  475
0
206
56
3
97
0
72
1048
56
TORQUE @ FRAME  476
0
204
55
3
97
0
72
1048
56
TORQUE @ FRAME  477
0
209
55
15
97
0
72
1048
56
TORQUE @ FRAME  478
0
205
54
0
97
0
64
1040
56
TORQUE @ FRAME  479
0
202
57
13
97
0
64
1040
56
TORQUE @ FRAME  480
0
203
57
15
97
0
64
1048
56
TORQUE @ FRAME  481
0
203
58
13
97
0
64
1048
56
TORQUE @ FRAME  482
0
203
57
9
97
0
64
1048
56
TORQUE @ FRAME  483
0
203
58
9
97
0
64
1048
56
TORQUE @ FRAME  484
0
202
57
15
97
0
64
1048
56
TORQUE @ FRAME  485
0
202
53
3
97
0
64
1040
56
TORQUE @ FRAME  486
0
208
55
15
97
0
64
1048
56
TORQUE @ FRAME  487
0
207
57
3
97
0
72
1040
56
TORQUE @ FRAME  488
0
203
57
3
97
0
64
1040
56
TORQUE @ FRAME  489
0
203
57
10
97
0
64
1040
56
TORQUE @ FRAME  490
0
204
56
3
97
0
64
1040
56
TORQUE @ FRAME  491
0
203
56
0
97
0
72
1048
56
TORQUE @ FRAME  492
0
203
57
13
97
0
64
1040
56
TORQUE @ FRAME  493
0
203
54
13
97
0
72
1040
56
TORQUE @ FRAME  494
0
202
56
3
97
0
64
1048
56
TORQUE @ FRAME  495
0
207
56
12
97
0
64
1040
56
TORQUE @ FRAME  496
0
203
55
14
97
0
64
1040
56
TORQUE @ FRAME  497
0
204
57
0
97
0
72
1040
56
TORQUE @ FRAME  498
0
202
56
6
97
0
64
1048
56
TORQUE @ FRAME  499
0
203
57
0
97
0
72
1040
56
TORQUE @ FRAME  500
0
202
57
6
97
0
64
1048
56
TORQUE @ FRAME  501
0
208
53
0
97
0
72
1048
56
TORQUE @ FRAME  502
0
204
57
15
97
0
72
1040
56
TORQUE @ FRAME  503
0
203
55
6
97
0
64
1048
56
TORQUE @ FRAME  504
0
202
57
14
97
0
64
1040
56
TORQUE @ FRAME  505
0
202
56
14
97
0
64
1040
56
TORQUE @ FRAME  506
0
203
54
15
97
0
64
1040
64
TORQUE @ FRAME  507
0
207
57
15
97
0
72
1048
56
TORQUE @ FRAME  508
0
205
57
0
97
0
72
1048
56
TORQUE @ FRAME  509
0
202
57
6
97
0
64
1048
56
TORQUE @ FRAME  510
0
203
54
12
97
0
72
1040
56
TORQUE @ FRAME  511
0
209
54
0
97
0
72
1048
64
TORQUE @ FRAME  512
0
203
55
15
97
0
64
1040
64
TORQUE @ FRAME  513
0
203
57
0
97
0
72
1040
64
TORQUE @ FRAME  514
0
206
53
12
97
0
64
1040
56
TORQUE @ FRAME  515
0
203
56
5
97
0
72
1048
56
TORQUE @ FRAME  516
0
204
57
0
97
0
64
1040
56
TORQUE @ FRAME  517
0
202
58
0
97
0
72
1048
56
TORQUE @ FRAME  518
0
206
55
15
97
0
64
1040
64
