TORQUE @ FRAME  0
0
58
48
-10
78
0
208
112
128
TORQUE @ FRAME  0.008
0
64
51
-5
76
0
48
24
24
TORQUE @ FRAME  0.016
-5
65
50
-10
77
0
48
24
24
TORQUE @ FRAME  0.024
0
59
50
-8
76
0
48
24
24
TORQUE @ FRAME  0.032
-15
64
49
-5
76
-6
48
24
24
TORQUE @ FRAME  0.04
-5
57
47
-5
74
-9
48
24
24
TORQUE @ FRAME  0.048
-8
64
51
0
72
-12
48
24
24
TORQUE @ FRAME  0.056
0
59
47
0
68
-15
48
24
24
TORQUE @ FRAME  0.064
-12
64
47
5
62
-18
40
24
24
TORQUE @ FRAME  0.072
0
58
49
5
58
-22
48
24
24
TORQUE @ FRAME  0.08
-12
61
50
-2
53
-31
48
24
24
TORQUE @ FRAME  0.088
-12
62
47
-2
46
-34
48
24
24
TORQUE @ FRAME  0.096
-5
59
47
0
37
-33
48
24
24
TORQUE @ FRAME  0.104
0
58
47
0
32
-36
48
24
24
TORQUE @ FRAME  0.112
-5
58
48
0
24
-34
48
24
24
TORQUE @ FRAME  0.12
-9
57
49
3
19
-36
48
24
24
TORQUE @ FRAME  0.128
-15
57
50
6
13
-35
48
24
16
TORQUE @ FRAME  0.136
0
56
46
5
9
-33
48
24
24
TORQUE @ FRAME  0.144
-12
63
47
6
2
-32
48
24
24
TORQUE @ FRAME  0.152
0
59
48
7
0
-34
48
24
24
TORQUE @ FRAME  0.16
-12
57
49
8
-2
-36
48
24
24
TORQUE @ FRAME  0.168
-14
59
47
10
-7
-32
48
24
24
TORQUE @ FRAME  0.176
0
65
48
14
-9
-30
48
24
24
TORQUE @ FRAME  0.184
-3
56
48
12
-14
-31
48
24
24
TORQUE @ FRAME  0.192
0
62
48
15
-17
-27
48
24
24
TORQUE @ FRAME  0.2
-2
63
47
18
-17
-31
48
24
24
TORQUE @ FRAME  0.208
-9
65
51
21
-15
-35
48
24
16
TORQUE @ FRAME  0.216
0
56
48
19
-13
-28
48
24
16
TORQUE @ FRAME  0.224
-14
59
47
24
-15
-32
48
24
24
TORQUE @ FRAME  0.232
-6
57
50
24
-13
-34
48
24
24
TORQUE @ FRAME  0.24
-2
57
49
27
-11
-32
48
24
24
TORQUE @ FRAME  0.248
-10
57
47
29
-13
-31
56
24
24
TORQUE @ FRAME  0.256
0
57
46
32
-18
-31
56
24
24
TORQUE @ FRAME  0.264
-6
65
48
29
-16
-31
56
24
24
TORQUE @ FRAME  0.272
0
65
47
34
-17
-30
56
24
16
TORQUE @ FRAME  0.28
-14
57
48
27
-18
-32
56
24
24
TORQUE @ FRAME  0.288
-15
61
48
30
-20
-31
56
24
24
TORQUE @ FRAME  0.296
-15
62
49
37
-17
-30
56
24
24
TORQUE @ FRAME  0.304
-2
57
46
30
-19
-30
56
24
24
TORQUE @ FRAME  0.312
-9
61
48
35
-17
-31
56
24
24
TORQUE @ FRAME  0.32
-7
58
48
30
-22
-30
56
24
24
TORQUE @ FRAME  0.328
0
60
49
33
-20
-30
56
24
24
TORQUE @ FRAME  0.336
-12
56
50
34
-19
-31
56
24
16
TORQUE @ FRAME  0.344
0
60
48
42
-21
-37
56
24
24
TORQUE @ FRAME  0.352
-3
56
47
36
-19
-32
56
24
32
TORQUE @ FRAME  0.36
-5
63
47
42
-19
-37
56
24
32
TORQUE @ FRAME  0.368
-9
59
51
34
-20
-32
56
24
32
TORQUE @ FRAME  0.376
0
62
47
41
-21
-34
56
24
32
TORQUE @ FRAME  0.384
-8
58
48
36
-18
-34
56
32
32
TORQUE @ FRAME  0.392
0
64
48
45
-17
-36
56
32
32
TORQUE @ FRAME  0.4
-15
59
48
36
-20
-36
56
32
32
TORQUE @ FRAME  0.408
-6
58
46
36
-22
-33
56
32
32
TORQUE @ FRAME  0.416
-9
57
51
38
-22
-35
56
32
24
TORQUE @ FRAME  0.424
-6
59
49
38
-22
-35
64
32
32
TORQUE @ FRAME  0.432
-15
61
48
47
-17
-36
64
32
32
TORQUE @ FRAME  0.44
-6
58
47
42
-19
-36
64
32
32
TORQUE @ FRAME  0.448
0
59
50
41
-19
-29
64
32
32
TORQUE @ FRAME  0.456
-8
57
47
48
-17
-31
64
32
32
TORQUE @ FRAME  0.464
0
59
47
41
-16
-32
64
32
24
TORQUE @ FRAME  0.472
-12
60
47
38
-12
-32
64
32
32
TORQUE @ FRAME  0.48
-15
64
47
41
-13
-32
64
32
32
TORQUE @ FRAME  0.488
0
57
47
40
-11
-29
64
32
32
TORQUE @ FRAME  0.496
-15
57
50
39
-13
-27
72
32
32
TORQUE @ FRAME  0.504
-10
64
47
39
-11
-28
64
32
32
TORQUE @ FRAME  0.512
0
57
47
44
-10
-28
64
32
24
TORQUE @ FRAME  0.52
-12
58
47
45
-10
-27
64
32
32
TORQUE @ FRAME  0.528
-15
56
48
37
-9
-26
64
32
32
TORQUE @ FRAME  0.536
-14
64
46
38
-7
-30
64
32
32
TORQUE @ FRAME  0.544
-5
59
50
35
-2
-27
72
32
32
TORQUE @ FRAME  0.552
0
63
47
42
-8
-32
72
32
32
TORQUE @ FRAME  0.56
0
64
50
41
-8
-29
72
32
24
TORQUE @ FRAME  0.568
-9
65
48
40
-6
-32
72
32
32
TORQUE @ FRAME  0.576
0
56
47
35
-7
-32
72
32
32
TORQUE @ FRAME  0.584
0
62
49
35
-8
-28
72
32
32
TORQUE @ FRAME  0.592
0
57
50
33
-9
-32
72
32
32
TORQUE @ FRAME  0.6
0
59
49
38
-8
-34
72
32
32
TORQUE @ FRAME  0.608
-2
65
48
41
-6
-34
72
32
32
TORQUE @ FRAME  0.616
-5
58
50
41
-7
-36
72
32
40
TORQUE @ FRAME  0.6240
58
47
40
-5
-35
72
32
40
TORQUE @ FRAME  0.6320
65
50
39
-6
-34
72
32
40
TORQUE @ FRAME  0.64-12
59
47
39
-4
-39
80
32
32
TORQUE @ FRAME  0.648-9
59
49
35
-4
-45
80
32
40
TORQUE @ FRAME  0.656-15
64
47
36
-5
-44
80
40
40
TORQUE @ FRAME  0.664-6
61
51
36
-5
-43
80
40
40
TORQUE @ FRAME  0.672-14
57
47
39
-6
-49
80
40
32
TORQUE @ FRAME  0.68-15
65
48
37
-4
-53
80
40
40
TORQUE @ FRAME  0.688-6
63
50
39
-5
-53
80
40
40
TORQUE @ FRAME  0.6960
62
47
35
-5
-63
80
40
32
TORQUE @ FRAME  0.7040
64
50
38
-8
-70
80
40
32
TORQUE @ FRAME  0.712-3
57
50
39
-12
-67
80
40
40
TORQUE @ FRAME  0.72-5
58
51
40
-8
-67
88
40
40
TORQUE @ FRAME  0.728-12
59
50
42
-10
-63
88
40
40
TORQUE @ FRAME  0.736-5
57
47
41
-13
-71
88
40
40
TORQUE @ FRAME  0.744-2
64
50
42
-14
-69
88
40
40
TORQUE @ FRAME  0.752-15
65
49
40
-17
-71
88
40
40
TORQUE @ FRAME  0.76-6
65
47
48
-18
-69
88
40
40
TORQUE @ FRAME  0.768-14
63
49
41
-20
-66
88
40
40
TORQUE @ FRAME  0.7760
62
48
36
-22
-68
88
40
48
TORQUE @ FRAME  0.784-10
57
51
38
-25
-73
88
40
48
TORQUE @ FRAME  0.792-12
65
46
38
-28
-75
96
40
40
TORQUE @ FRAME  0.8-10
64
49
45
-30
-70
96
40
40
TORQUE @ FRAME  0.8080
57
48
49
-29
-68
96
40
40
TORQUE @ FRAME  0.816-14
56
47
39
-32
-67
96
40
40
TORQUE @ FRAME  0.824-14
61
46
34
-34
-71
96
40
40
TORQUE @ FRAME  0.8320
62
47
40
-38
-74
96
40
40
TORQUE @ FRAME  0.84-15
64
48
45
-40
-78
96
40
40
TORQUE @ FRAME  0.8480
63
47
44
-41
-77
96
48
40
TORQUE @ FRAME  0.856-6
57
47
35
-43
-84
96
40
40
TORQUE @ FRAME  0.864-8
63
51
41
-46
-74
104
48
40
TORQUE @ FRAME  0.8720
59
51
46
-51
-79
104
40
40
TORQUE @ FRAME  0.88-12
58
49
43
-48
-87
104
40
40
TORQUE @ FRAME  0.888-12
64
47
41
-50
-87
104
40
40
TORQUE @ FRAME  0.896-9
57
47
45
-50
-85
104
40
40
TORQUE @ FRAME  0.904-2
60
47
39
-47
-87
104
40
40
TORQUE @ FRAME  0.912-8
61
50
40
-50
-88
104
40
40
TORQUE @ FRAME  0.92-14
60
48
48
-54
-94
104
40
48
TORQUE @ FRAME  0.928-9
56
48
42
-51
-97
112
40
48
TORQUE @ FRAME  0.936-15
64
46
45
-53
-106
112
40
48
TORQUE @ FRAME  0.9440
61
51
48
-53
-110
112
40
48
TORQUE @ FRAME  0.952-15
59
48
43
-54
-121
112
40
48
TORQUE @ FRAME  0.96-8
61
47
46
-55
-132
112
40
48
TORQUE @ FRAME  0.968-12
64
47
38
-56
-139
112
40
48
TORQUE @ FRAME  0.976-9
62
48
45
-54
-150
112
40
48
TORQUE @ FRAME  0.984-10
64
47
43
-51
-157
120
40
48
TORQUE @ FRAME  0.992-8
57
47
46
-54
-155
120
40
48
TORQUE @ FRAME  1-15
63
50
33
-53
-162
120
48
48
TORQUE @ FRAME  1.008-8
61
51
49
-54
-180
120
48
48
TORQUE @ FRAME  1.016-14
64
49
42
-50
-203
120
48
48
TORQUE @ FRAME  1.024-9
60
51
45
-57
-211
120
48
48
TORQUE @ FRAME  1.0320
59
46
33
-48
-219
120
56
48
TORQUE @ FRAME  1.04-2
59
48
38
-45
-220
128
48
56
TORQUE @ FRAME  1.0480
58
49
42
-45
-219
128
48
48
TORQUE @ FRAME  1.056-4
58
47
46
-31
-190
128
48
48
TORQUE @ FRAME  1.064-15
56
46
32
-35
-169
128
48
48
TORQUE @ FRAME  1.072-6
61
46
44
-31
-172
128
48
48
TORQUE @ FRAME  1.08-12
59
48
40
-30
-159
128
48
48
TORQUE @ FRAME  1.0880
63
52
43
-23
-157
128
48
48
TORQUE @ FRAME  1.096-6
58
46
32
-22
-143
136
48
48
TORQUE @ FRAME  1.104-5
64
47
40
-17
-126
136
48
48
TORQUE @ FRAME  1.112-6
64
46
42
-12
-110
136
48
48
TORQUE @ FRAME  1.12-6
59
50
45
-9
-87
136
48
48
TORQUE @ FRAME  1.128-2
57
47
32
-7
-75
136
48
48
TORQUE @ FRAME  1.1360
64
48
42
-2
-71
136
48
56
TORQUE @ FRAME  1.144-12
58
47
37
4
-60
136
48
48
TORQUE @ FRAME  1.152-15
62
49
39
5
-60
144
56
48
TORQUE @ FRAME  1.16-8
57
48
31
2
-51
144
48
56
TORQUE @ FRAME  1.1680
57
48
36
9
-48
144
48
56
TORQUE @ FRAME  1.176-3
56
47
32
0
-41
144
48
56
TORQUE @ FRAME  1.184-15
60
47
38
4
-43
144
48
56
TORQUE @ FRAME  1.192-12
63
47
27
0
-34
144
48
56
TORQUE @ FRAME  1.2-12
63
48
39
0
-39
144
48
56
TORQUE @ FRAME  1.2080
64
50
33
-3
-36
152
48
56
TORQUE @ FRAME  1.2160
56
47
37
-8
-41
152
56
56
TORQUE @ FRAME  1.224-8
59
48
27
-7
-40
152
48
56
TORQUE @ FRAME  1.232-9
59
47
33
-12
-37
152
48
56
TORQUE @ FRAME  1.24-10
63
49
35
-18
-38
152
48
56
TORQUE @ FRAME  1.2480
59
49
40
-20
-37
152
48
56
TORQUE @ FRAME  1.256-9
61
49
29
-21
-35
144
48
56
TORQUE @ FRAME  1.264-5
63
48
39
-24
-32
152
48
56
TORQUE @ FRAME  1.2720
56
50
37
-24
-25
152
56
56
TORQUE @ FRAME  1.280
59
47
41
-28
-30
152
56
64
TORQUE @ FRAME  1.2880
61
48
33
-29
-28
152
56
64
TORQUE @ FRAME  1.296-6
60
50
44
-30
-28
160
56
64
TORQUE @ FRAME  1.304-6
62
46
38
-27
-31
160
56
64
TORQUE @ FRAME  1.3120
56
51
42
-25
-31
152
56
64
TORQUE @ FRAME  1.320
64
48
31
-27
-34
168
56
64
TORQUE @ FRAME  1.328-9
56
47
40
-28
-32
160
56
64
TORQUE @ FRAME  1.336-6
56
48
36
-23
-33
160
56
64
TORQUE @ FRAME  1.3440
58
48
40
-19
-31
160
56
64
TORQUE @ FRAME  1.352-15
61
48
29
-23
-29
160
56
64
TORQUE @ FRAME  1.360
59
47
42
-19
-31
160
56
56
TORQUE @ FRAME  1.3680
62
48
36
-21
-39
160
56
56
TORQUE @ FRAME  1.376-9
57
46
38
-19
-40
176
56
64
TORQUE @ FRAME  1.384-9
56
50
31
-17
-49
168
56
56
TORQUE @ FRAME  1.3920
56
51
45
-16
-50
168
56
64
TORQUE @ FRAME  1.40
62
52
40
-19
-62
168
56
64
TORQUE @ FRAME  1.4080
59
48
45
-18
-66
168
56
64
TORQUE @ FRAME  1.416-2
61
47
35
-18
-66
168
64
64
TORQUE @ FRAME  1.424-9
64
48
42
-19
-70
168
64
64
TORQUE @ FRAME  1.4320
57
47
39
-21
-68
176
64
64
TORQUE @ FRAME  1.44-8
62
51
43
-24
-73
176
64
64
TORQUE @ FRAME  1.448-2
56
46
36
-22
-74
176
64
64
TORQUE @ FRAME  1.456-12
62
48
44
-28
-77
176
64
64
TORQUE @ FRAME  1.464-8
64
49
39
-28
-71
176
56
64
TORQUE @ FRAME  1.472-2
62
50
45
-26
-73
176
56
64
TORQUE @ FRAME  1.48-2
58
48
37
-28
-73
176
64
64
TORQUE @ FRAME  1.488-12
63
48
48
-30
-71
184
56
64
TORQUE @ FRAME  1.4960
63
46
39
-32
-77
184
56
64
TORQUE @ FRAME  1.504-12
58
47
45
-30
-76
184
64
64
TORQUE @ FRAME  1.5120
57
46
37
-31
-83
184
64
72
TORQUE @ FRAME  1.52-8
56
47
45
-31
-84
184
56
72
TORQUE @ FRAME  1.528-10
56
47
39
-31
-83
184
64
72
TORQUE @ FRAME  1.5360
59
46
42
-36
-84
184
64
72
TORQUE @ FRAME  1.544-2
64
50
36
-34
-82
192
56
72
TORQUE @ FRAME  1.5520
62
50
49
-41
-80
192
64
72
TORQUE @ FRAME  1.560
60
50
43
-41
-86
192
64
72
TORQUE @ FRAME  1.568-6
60
47
49
-45
-91
192
64
72
TORQUE @ FRAME  1.5760
58
46
40
-39
-98
192
64
72
TORQUE @ FRAME  1.584-3
56
51
48
-45
-98
192
64
72
TORQUE @ FRAME  1.592-12
56
48
46
-41
-105
192
64
72
TORQUE @ FRAME  1.6-2
64
47
45
-40
-108
200
64
72
TORQUE @ FRAME  1.608-6
57
47
43
-39
-122
200
64
72
TORQUE @ FRAME  1.6160
61
49
45
-40
-131
200
64
72
TORQUE @ FRAME  1.624-5
57
48
43
-32
-138
200
64
72
TORQUE @ FRAME  1.6320
64
48
41
-25
-146
200
64
72
TORQUE @ FRAME  1.64-5
56
50
42
-26
-155
200
64
80
TORQUE @ FRAME  1.648-5
56
47
42
-27
-169
200
64
80
TORQUE @ FRAME  1.656-2
59
46
39
-26
-195
208
64
72
TORQUE @ FRAME  1.664-14
60
49
39
-26
-212
208
64
72
TORQUE @ FRAME  1.6720
61
48
36
-24
-227
208
64
72
TORQUE @ FRAME  1.68-12
58
47
41
-27
-239
208
64
72
TORQUE @ FRAME  1.6880
56
49
44
-23
-238
208
64
72
TORQUE @ FRAME  1.696-10
57
51
40
-28
-213
208
64
72
TORQUE @ FRAME  1.704-9
59
49
39
-32
-199
208
64
72
TORQUE @ FRAME  1.7120
61
50
40
-33
-187
208
72
72
TORQUE @ FRAME  1.720
61
47
40
-29
-188
208
64
72
TORQUE @ FRAME  1.728-8
62
46
41
-35
-174
208
64
72
TORQUE @ FRAME  1.736-14
57
46
40
-30
-167
208
64
72
TORQUE @ FRAME  1.744-14
64
47
38
-32
-150
208
64
80
TORQUE @ FRAME  1.752-12
65
47
43
-29
-136
208
64
80
TORQUE @ FRAME  1.760
58
46
35
-29
-115
208
64
88
TORQUE @ FRAME  1.768-6
56
48
38
-32
-93
208
64
80
TORQUE @ FRAME  1.776-5
56
48
38
-29
-81
208
64
80
TORQUE @ FRAME  1.784-5
56
47
40
-28
-68
208
64
80
TORQUE @ FRAME  1.792-14
56
50
34
-32
-61
208
64
80
TORQUE @ FRAME  1.8-2
57
48
36
-25
-63
208
64
80
TORQUE @ FRAME  1.8080
62
50
33
-25
-57
208
64
80
TORQUE @ FRAME  1.816-6
62
49
38
-22
-52
208
64
80
TORQUE @ FRAME  1.824-6
63
50
32
-21
-45
208
64
80
TORQUE @ FRAME  1.832-2
55
49
35
-21
-42
208
72
80
TORQUE @ FRAME  1.84-5
59
48
32
-25
-41
208
72
80
TORQUE @ FRAME  1.848-9
60
47
39
-23
-39
208
72
80
TORQUE @ FRAME  1.8560
56
46
32
-24
-37
208
72
80
TORQUE @ FRAME  1.864-10
64
51
37
-21
-40
208
72
80
TORQUE @ FRAME  1.872-2
61
48
35
-22
-39
208
72
80
TORQUE @ FRAME  1.88-8
61
48
39
-23
-44
208
72
80
TORQUE @ FRAME  1.888-8
57
48
32
-21
-43
208
72
80
TORQUE @ FRAME  1.896-14
65
47
36
-20
-44
208
64
80
TORQUE @ FRAME  1.904-12
62
47
37
-18
-39
208
64
80
TORQUE @ FRAME  1.912-6
58
47
43
-16
-36
208
64
80
TORQUE @ FRAME  1.92-10
56
48
34
-12
-38
208
64
80
TORQUE @ FRAME  1.9280
64
46
42
-13
-39
208
64
80
TORQUE @ FRAME  1.936-14
57
49
37
-7
-39
208
64
80
TORQUE @ FRAME  1.944-8
63
51
41
-7
-37
208
64
80
TORQUE @ FRAME  1.952-12
59
47
35
-4
-39
216
64
80
TORQUE @ FRAME  1.960
63
46
37
-6
-36
208
64
80
TORQUE @ FRAME  1.968-6
59
47
34
-10
-40
208
72
80
TORQUE @ FRAME  1.976-5
59
46
44
-7
-37
208
72
80
TORQUE @ FRAME  1.984-6
57
46
35
-4
-36
208
72
88
TORQUE @ FRAME  1.9920
65
50
37
-6
-38
208
72
88
TORQUE @ FRAME  20
57
50
37
-8
-36
208
72
88
TORQUE @ FRAME  2.008-9
57
51
46
-3
-39
208
72
80
TORQUE @ FRAME  2.016-9
57
47
34
-4
-43
208
72
88
TORQUE @ FRAME  2.0240
56
48
40
-5
-48
208
72
88
TORQUE @ FRAME  2.032-14
62
48
37
-7
-47
208
72
88
TORQUE @ FRAME  2.04-6
62
48
44
-8
-54
208
72
88
TORQUE @ FRAME  2.0480
59
50
38
-8
-55
208
72
88
TORQUE @ FRAME  2.0560
59
50
41
-9
-58
208
72
88
TORQUE @ FRAME  2.064-6
62
50
40
-14
-64
208
72
88
TORQUE @ FRAME  2.0720
62
51
41
-18
-69
208
72
88
TORQUE @ FRAME  2.080
57
46
43
-16
-71
208
72
88
TORQUE @ FRAME  2.088-9
61
47
34
-22
-74
208
72
88
TORQUE @ FRAME  2.0960
56
47
45
-24
-71
208
72
88
TORQUE @ FRAME  2.104-12
59
50
43
-28
-70
208
72
96
TORQUE @ FRAME  2.112-6
64
46
41
-27
-72
208
72
96
TORQUE @ FRAME  2.12-5
59
47
49
-31
-68
208
72
88
TORQUE @ FRAME  2.128-15
64
47
36
-31
-75
208
72
88
TORQUE @ FRAME  2.136-14
56
46
38
-35
-88
208
72
96
TORQUE @ FRAME  2.144-3
59
48
46
-33
-80
208
72
96
TORQUE @ FRAME  2.152-5
64
50
42
-38
-80
208
72
96
TORQUE @ FRAME  2.160
57
47
38
-37
-80
208
80
88
TORQUE @ FRAME  2.168-8
62
50
34
-43
-82
208
72
96
TORQUE @ FRAME  2.176-15
56
47
46
-41
-82
208
72
96
TORQUE @ FRAME  2.184-15
61
50
39
-43
-83
216
72
88
TORQUE @ FRAME  2.192-8
58
47
38
-43
-94
208
80
96
TORQUE @ FRAME  2.20
59
47
41
-43
-93
208
72
88
TORQUE @ FRAME  2.208-3
64
50
45
-45
-93
208
72
96
TORQUE @ FRAME  2.216-12
65
46
43
-45
-87
208
72
88
TORQUE @ FRAME  2.2240
56
50
43
-49
-91
208
80
88
TORQUE @ FRAME  2.232-14
60
50
45
-46
-93
208
72
96
TORQUE @ FRAME  2.240
62
47
46
-49
-92
216
72
96
TORQUE @ FRAME  2.248-2
60
46
49
-46
-97
208
72
96
TORQUE @ FRAME  2.256-8
60
46
51
-52
-102
208
72
96
TORQUE @ FRAME  2.264-15
62
46
43
-57
-102
208
72
96
TORQUE @ FRAME  2.2720
57
47
41
-54
-104
208
72
96
TORQUE @ FRAME  2.280
57
50
39
-57
-108
208
72
104
TORQUE @ FRAME  2.2880
62
48
38
-54
-116
208
80
96
TORQUE @ FRAME  2.2960
57
47
41
-57
-121
208
80
104
TORQUE @ FRAME  2.3040
57
46
43
-56
-127
216
80
96
TORQUE @ FRAME  2.3120
57
48
43
-55
-130
208
80
96
TORQUE @ FRAME  2.320
59
46
44
-59
-138
208
88
96
TORQUE @ FRAME  2.328-5
59
48
41
-57
-147
208
80
96
TORQUE @ FRAME  2.3360
57
51
40
-55
-155
208
80
96
TORQUE @ FRAME  2.344-5
57
49
42
-58
-154
208
80
96
TORQUE @ FRAME  2.352-12
61
47
43
-52
-160
216
80
96
TORQUE @ FRAME  2.36-5
63
47
44
-59
-165
216
80
96
TORQUE @ FRAME  2.368-9
60
48
42
-56
-181
208
80
96
TORQUE @ FRAME  2.376-5
63
46
41
-54
-187
208
80
96
TORQUE @ FRAME  2.384-6
59
46
35
-56
-192
208
80
96
TORQUE @ FRAME  2.392-15
62
47
41
-50
-206
208
80
96
TORQUE @ FRAME  2.4-14
57
48
36
-52
-206
208
80
96
TORQUE @ FRAME  2.408-14
65
48
38
-50
-206
208
80
96
TORQUE @ FRAME  2.416-14
62
47
34
-48
-217
208
80
104
TORQUE @ FRAME  2.424-9
56
47
30
-48
-206
208
80
104
TORQUE @ FRAME  2.432-9
61
51
32
-48
-203
208
80
96
TORQUE @ FRAME  2.440
63
48
38
-44
-205
208
80
104
TORQUE @ FRAME  2.448-6
57
48
41
-40
-193
208
80
104
TORQUE @ FRAME  2.456-15
61
48
40
-40
-185
208
80
96
TORQUE @ FRAME  2.464-10
59
48
39
-38
-202
216
80
104
TORQUE @ FRAME  2.472-6
62
47
35
-35
-193
216
80
96
TORQUE @ FRAME  2.48-10
64
48
29
-37
-192
208
80
104
TORQUE @ FRAME  2.488-15
61
51
32
-32
-190
216
80
96
TORQUE @ FRAME  2.496-2
56
46
36
-28
-179
208
80
96
TORQUE @ FRAME  2.5040
57
50
35
-29
-190
208
80
96
TORQUE @ FRAME  2.512-5
62
47
34
-28
-168
208
80
96
TORQUE @ FRAME  2.52-5
64
47
38
-30
-174
216
80
96
TORQUE @ FRAME  2.528-8
64
47
40
-27
-159
216
80
96
TORQUE @ FRAME  2.536-10
59
46
31
-26
-151
216
80
96
TORQUE @ FRAME  2.5440
64
47
28
-27
-145
208
80
96
TORQUE @ FRAME  2.552-6
59
48
35
-25
-128
216
88
96
TORQUE @ FRAME  2.56-2
59
47
33
-20
-123
216
80
96
TORQUE @ FRAME  2.568-15
57
48
34
-28
-102
208
80
96
TORQUE @ FRAME  2.576-6
62
49
36
-27
-106
208
80
96
TORQUE @ FRAME  2.584-8
61
48
35
-23
-88
208
80
96
TORQUE @ FRAME  2.592-3
61
47
30
-20
-85
208
80
96
TORQUE @ FRAME  2.6-15
61
47
36
-17
-75
208
80
96
TORQUE @ FRAME  2.6080
58
48
28
-22
-70
208
80
96
TORQUE @ FRAME  2.616-15
57
47
25
-15
-68
216
80
96
TORQUE @ FRAME  2.624-5
56
46
30
-13
-65
216
80
96
TORQUE @ FRAME  2.6320
64
48
25
-12
-68
208
80
96
TORQUE @ FRAME  2.640
56
48
30
-11
-62
216
80
96
TORQUE @ FRAME  2.648-9
65
46
30
-10
-66
216
80
96
TORQUE @ FRAME  2.656-9
64
47
35
-9
-63
208
80
96
TORQUE @ FRAME  2.6640
64
50
34
-8
-57
216
80
96
TORQUE @ FRAME  2.672-14
62
46
31
0
-58
208
80
104
TORQUE @ FRAME  2.68-8
63
46
29
-4
-54
216
80
104
TORQUE @ FRAME  2.688-2
60
50
29
-3
-53
216
80
104
TORQUE @ FRAME  2.6960
62
48
26
-4
-54
208
80
104
TORQUE @ FRAME  2.7040
56
47
25
-3
-48
208
80
104
TORQUE @ FRAME  2.712-10
57
46
23
0
-45
208
80
104
TORQUE @ FRAME  2.72-14
57
47
28
0
-45
216
80
104
TORQUE @ FRAME  2.728-8
64
48
24
0
-43
208
80
104
TORQUE @ FRAME  2.736-5
57
46
27
0
-44
216
80
104
TORQUE @ FRAME  2.744-14
60
46
25
0
-44
216
80
104
TORQUE @ FRAME  2.752-15
63
46
30
3
-38
216
80
104
TORQUE @ FRAME  2.76-3
57
47
34
0
-40
208
80
104
TORQUE @ FRAME  2.768-2
56
50
28
3
-42
216
80
104
TORQUE @ FRAME  2.7760
62
48
31
5
-40
208
80
104
TORQUE @ FRAME  2.7840
56
46
32
2
-37
216
80
104
TORQUE @ FRAME  2.7920
57
50
27
0
-40
216
80
104
TORQUE @ FRAME  2.8-12
61
47
29
2
-41
208
80
104
TORQUE @ FRAME  2.8080
61
48
30
3
-39
216
80
104
TORQUE @ FRAME  2.8160
59
47
27
4
-37
208
80
104
TORQUE @ FRAME  2.824-6
63
48
26
2
-34
208
80
104
TORQUE @ FRAME  2.832-2
58
51
35
3
-37
216
80
104
TORQUE @ FRAME  2.84-14
56
47
27
6
-37
216
80
104
TORQUE @ FRAME  2.8480
62
50
21
6
-38
208
80
104
TORQUE @ FRAME  2.856-6
56
48
27
7
-37
216
80
104
TORQUE @ FRAME  2.864-12
59
50
30
2
-34
208
80
104
TORQUE @ FRAME  2.872-10
58
47
25
3
-36
216
80
104
TORQUE @ FRAME  2.88-6
56
50
22
0
-34
216
80
104
TORQUE @ FRAME  2.888-12
60
50
26
2
-35
208
80
104
TORQUE @ FRAME  2.896-12
64
51
27
0
-39
216
88
104
TORQUE @ FRAME  2.904-14
65
49
31
4
-36
208
80
104
TORQUE @ FRAME  2.912-12
65
51
28
4
-36
216
80
104
TORQUE @ FRAME  2.92-12
64
47
29
4
-31
208
80
104
TORQUE @ FRAME  2.9280
62
46
25
6
-34
216
80
104
TORQUE @ FRAME  2.936-3
64
50
27
0
-35
208
80
96
TORQUE @ FRAME  2.944-6
59
49
27
5
-36
208
80
104
TORQUE @ FRAME  2.952-9
57
49
29
0
-34
208
80
104
TORQUE @ FRAME  2.96-8
57
47
31
13
-33
216
80
104
TORQUE @ FRAME  2.968-12
59
47
32
7
-34
208
80
104
TORQUE @ FRAME  2.9760
56
51
24
0
-32
216
80
104
TORQUE @ FRAME  2.984-14
61
46
26
0
-34
208
80
104
TORQUE @ FRAME  2.992-7
59
47
24
3
-32
216
80
104
